attexp.txt,Attribute Expression File:
cond_index=N,2,Key to Row ID in Symbol Assignment File,-,:
seq=N,1,Sequence Number of Expression Component,-,:
att=T,4,Attribute Code,-,:
oper=N,1,Relational Operator,code.txt,:
value=T,10,Attribute Value,-,:
connector=N,1,Expression Component Logical Connector,code.txt,:
;
2|1|exs|2|6|0
3|1|exs|1|6|0
4|1|nam|2|"UNK"|0
5|1|exs|2|6|0
6|1|exs|1|6|0
7|1|nam|2|"UNK"|0
8|1|exs|2|6|0
9|1|exs|1|6|0
10|1|nam|2|"UNK"|0
12|1|exs|2|6|0
13|1|exs|1|6|0
14|1|nam|2|"UNK"|0
17|1|nam|2|"UNK"|0
19|1|exs|2|6|0
20|1|exs|1|6|0
21|1|nam|2|"UNK"|0
22|1|exs|2|6|0
23|1|exs|1|6|0
24|1|nam|2|"UNK"|0
25|1|exs|2|6|0
26|1|exs|1|6|0
27|1|nam|2|"UNK"|0
29|1|exs|2|6|0
30|1|exs|1|6|0
31|1|nam|2|"UNK"|0
33|1|exs|2|6|0
34|1|exs|1|6|0
35|1|nam|2|"UNK"|0
36|1|exs|2|6|0
37|1|exs|1|6|0
39|1|nam|2|"UNK"|0
40|1|exs|2|6|0
41|1|exs|1|6|0
42|1|nam|2|"UNK"|0
43|1|exs|2|6|0
44|1|exs|1|6|0
48|1|hgt|1|-32767|4
48|2|hgt|6|304|0
49|1|hgt|4|0|3
49|2|hgt|3|304|0
50|1|atn|1|3|2
50|2|hgt|1|-32767|4
50|3|atn|1|3|2
50|4|hgt|6|304|0
51|1|atn|1|3|2
51|2|hgt|4|0|3
51|3|hgt|3|304|0
52|1|hgt|2|-32767|0
53|1|zv2|2|-32767|0
56|1|hyc|2|0|3
56|2|hyc|2|8|2
56|3|pro|1|116|0
57|1|hyc|1|0|1
57|2|hyc|1|8|2
57|3|pro|1|116|0
58|1|pro|2|116|0
59|1|nam|2|"UNK"|0
60|1|hyc|2|0|3
60|2|hyc|2|8|2
60|3|pro|1|116|0
61|1|hyc|1|0|1
61|2|hyc|1|8|2
61|3|pro|1|116|0
62|1|pro|2|116|0
63|1|nam|2|"UNK"|0
64|1|hyc|2|0|3
64|2|hyc|2|8|2
64|3|pro|1|116|0
65|1|hyc|1|0|1
65|2|hyc|1|8|2
65|3|pro|1|116|0
66|1|pro|2|116|0
67|1|nam|2|"UNK"|0
68|1|hyc|2|0|3
68|2|hyc|2|8|2
68|3|pro|1|116|0
69|1|hyc|1|0|1
69|2|hyc|1|8|2
69|3|pro|1|116|0
70|1|pro|2|116|0
71|1|nam|2|"UNK"|0
78|1|hgt|1|-32767|4
78|2|hgt|6|304|0
79|1|hgt|4|0|3
79|2|hgt|3|304|0
80|1|atn|1|3|2
80|2|hgt|1|-32767|4
80|3|atn|1|3|2
80|4|hgt|6|304|0
81|1|atn|1|3|2
81|2|hgt|4|0|3
81|3|hgt|3|304|0
82|1|hgt|2|-32767|0
83|1|zv2|2|-32767|0
97|1|nam|2|"UNK"|0
99|1|nam|2|"UNK"|0
100|1|hgt|1|-32767|4
100|2|hgt|6|304|0
101|1|hgt|4|0|3
101|2|hgt|3|304|0
102|1|atn|1|3|2
102|2|hgt|1|-32767|4
102|3|atn|1|3|2
102|4|hgt|6|304|0
103|1|atn|1|3|2
103|2|hgt|4|0|3
103|3|hgt|3|304|0
104|1|hgt|2|-32767|0
105|1|zv2|2|-32767|0
107|1|nam|2|"UNK"|0
109|1|nam|2|"UNK"|0
111|1|nam|2|"UNK"|0
113|1|nam|2|"UNK"|0
116|1|nam|2|"UNK"|0
118|1|hgt|1|-32767|4
118|2|hgt|6|304|0
119|1|hgt|4|0|3
119|2|hgt|3|304|0
120|1|atn|1|3|2
120|2|hgt|1|-32767|4
120|3|atn|1|3|2
120|4|hgt|6|304|0
121|1|atn|1|3|2
121|2|hgt|4|0|3
121|3|hgt|3|304|0
122|1|hgt|2|-32767|0
123|1|zv2|2|-32767|0
126|1|hgt|1|-32767|4
126|2|hgt|6|304|0
127|1|hgt|4|0|3
127|2|hgt|3|304|0
128|1|atn|1|3|2
128|2|hgt|1|-32767|4
128|3|atn|1|3|2
128|4|hgt|6|304|0
129|1|atn|1|3|2
129|2|hgt|4|0|3
129|3|hgt|3|304|0
130|1|hgt|2|-32767|0
131|1|zv2|2|-32767|0
136|1|nam|2|"UNK"|0
144|1|nam|2|"UNK"|0
145|1|hgt|1|-32767|4
145|2|hgt|6|304|0
146|1|hgt|4|0|3
146|2|hgt|3|304|0
147|1|atn|1|3|2
147|2|hgt|1|-32767|4
147|3|atn|1|3|2
147|4|hgt|6|304|0
148|1|atn|1|3|2
148|2|hgt|4|0|3
148|3|hgt|3|304|0
149|1|hgt|2|-32767|0
150|1|zv2|2|-32767|0
153|1|nam|2|"UNK"|0
155|1|nam|2|"UNK"|0
157|1|nam|2|"UNK"|0
160|1|nam|2|"UNK"|0
167|1|nam|2|"UNK"|0
169|1|hgt|1|-32767|4
169|2|hgt|6|304|0
170|1|hgt|4|0|3
170|2|hgt|3|304|0
171|1|atn|1|3|2
171|2|hgt|1|-32767|4
171|3|atn|1|3|2
171|4|hgt|6|304|0
172|1|atn|1|3|2
172|2|hgt|4|0|3
172|3|hgt|3|304|0
173|1|hgt|2|-32767|0
174|1|zv2|2|-32767|0
179|1|nam|2|"UNK"|0
187|1|hgt|1|-32767|4
187|2|hgt|6|304|0
188|1|hgt|4|0|3
188|2|hgt|3|304|0
189|1|atn|1|3|2
189|2|hgt|1|-32767|4
189|3|atn|1|3|2
189|4|hgt|6|304|0
190|1|atn|1|3|2
190|2|hgt|4|0|3
190|3|hgt|3|304|0
191|1|hgt|2|-32767|0
192|1|zv2|2|-32767|0
196|1|hgt|1|-32767|4
196|2|hgt|6|304|0
197|1|hgt|4|0|3
197|2|hgt|3|304|0
198|1|atn|1|3|2
198|2|hgt|1|-32767|4
198|3|atn|1|3|2
198|4|hgt|6|304|0
199|1|atn|1|3|2
199|2|hgt|4|0|3
199|3|hgt|3|304|0
200|1|hgt|2|-32767|0
201|1|zv2|2|-32767|0
211|1|hgt|1|-32767|4
211|2|hgt|6|304|0
212|1|hgt|4|0|3
212|2|hgt|3|304|0
213|1|atn|1|3|2
213|2|hgt|1|-32767|4
213|3|atn|1|3|2
213|4|hgt|6|304|0
214|1|atn|1|3|2
214|2|hgt|4|0|3
214|3|hgt|3|304|0
215|1|hgt|2|-32767|0
216|1|zv2|2|-32767|0
224|1|hgt|1|-32767|4
224|2|hgt|6|304|0
225|1|hgt|4|0|3
225|2|hgt|3|304|0
226|1|atn|1|3|2
226|2|hgt|1|-32767|4
226|3|atn|1|3|2
226|4|hgt|6|304|0
227|1|atn|1|3|2
227|2|hgt|4|0|3
227|3|hgt|3|304|0
228|1|hgt|2|-32767|0
229|1|zv2|2|-32767|0
232|1|hgt|1|-32767|4
232|2|hgt|6|304|0
233|1|hgt|4|0|3
233|2|hgt|3|304|0
234|1|atn|1|3|2
234|2|hgt|1|-32767|4
234|3|atn|1|3|2
234|4|hgt|6|304|0
235|1|atn|1|3|2
235|2|hgt|4|0|3
235|3|hgt|3|304|0
236|1|hgt|2|-32767|0
237|1|zv2|2|-32767|0
242|1|hgt|1|-32767|4
242|2|hgt|6|304|0
243|1|hgt|4|0|3
243|2|hgt|3|304|0
244|1|atn|1|3|2
244|2|hgt|1|-32767|4
244|3|atn|1|3|2
244|4|hgt|6|304|0
245|1|atn|1|3|2
245|2|hgt|4|0|3
245|3|hgt|3|304|0
246|1|hgt|2|-32767|0
247|1|zv2|2|-32767|0
250|1|hgt|1|-32767|4
250|2|hgt|6|304|0
251|1|hgt|4|0|3
251|2|hgt|3|304|0
252|1|atn|1|3|2
252|2|hgt|1|-32767|4
252|3|atn|1|3|2
252|4|hgt|6|304|0
253|1|atn|1|3|2
253|2|hgt|4|0|3
253|3|hgt|3|304|0
254|1|hgt|2|-32767|0
255|1|zv2|2|-32767|0
257|1|nam|2|"UNK"|0
261|1|nam|2|"UNK"|0
263|1|nam|2|"UNK"|0
267|1|nam|2|"UNK"|0
269|1|nam|2|"UNK"|0
271|1|nam|2|"UNK"|0
273|1|hgt|1|-32767|4
273|2|hgt|6|304|0
274|1|hgt|4|0|3
274|2|hgt|3|304|0
275|1|atn|1|3|2
275|2|hgt|1|-32767|4
275|3|atn|1|3|2
275|4|hgt|6|304|0
276|1|atn|1|3|2
276|2|hgt|4|0|3
276|3|hgt|3|304|0
277|1|hgt|2|-32767|0
278|1|zv2|2|-32767|0
280|1|nam|2|"UNK"|0
283|1|nam|2|"UNK"|0
286|1|nam|2|"UNK"|0
288|1|nam|2|"UNK"|0
290|1|nam|2|"UNK"|0
293|1|nam|2|"UNK"|0
296|1|nam|2|"UNK"|0
298|1|nam|2|"UNK"|0
300|1|nam|2|"UNK"|0
307|1|nam|2|"UNK"|0
313|1|hgt|1|-32767|4
313|2|hgt|6|304|0
314|1|hgt|4|0|3
314|2|hgt|3|304|0
315|1|atn|1|3|2
315|2|hgt|1|-32767|4
315|3|atn|1|3|2
315|4|hgt|6|304|0
316|1|atn|1|3|2
316|2|hgt|4|0|3
316|3|hgt|3|304|0
317|1|hgt|2|-32767|0
318|1|zv2|2|-32767|0
321|1|hgt|1|-32767|4
321|2|hgt|6|304|0
322|1|hgt|4|0|3
322|2|hgt|3|304|0
323|1|atn|1|3|2
323|2|hgt|1|-32767|4
323|3|atn|1|3|2
323|4|hgt|6|304|0
324|1|atn|1|3|2
324|2|hgt|4|0|3
324|3|hgt|3|304|0
325|1|hgt|2|-32767|0
326|1|zv2|2|-32767|0
332|1|hgt|1|-32767|4
332|2|hgt|6|304|0
333|1|hgt|4|0|3
333|2|hgt|3|304|0
334|1|atn|1|3|2
334|2|hgt|1|-32767|4
334|3|atn|1|3|2
334|4|hgt|6|304|0
335|1|atn|1|3|2
335|2|hgt|4|0|3
335|3|hgt|3|304|0
336|1|hgt|2|-32767|0
337|1|zv2|2|-32767|0
343|1|nam|2|"UNK"|0
345|1|nam|2|"UNK"|0
347|1|nam|2|"UNK"|0
350|1|nam|2|"UNK"|0
352|1|nam|2|"UNK"|0
355|1|nam|2|"UNK"|0
358|1|nam|2|"UNK"|0
360|1|nam|2|"UNK"|0
362|1|nam|2|"UNK"|0
368|1|nam|2|"UNK"|0
370|1|nam|2|"UNK"|0
372|1|nam|2|"UNK"|0
374|1|nam|2|"UNK"|0
378|1|nam|2|"UNK"|0
380|1|nam|2|"UNK"|0
383|1|nam|2|"UNK"|0
387|1|nam|2|"UNK"|0
389|1|nam|2|"UNK"|0
391|1|nam|2|"UNK"|0
394|1|nam|2|"UNK"|0
397|1|nam|2|"UNK"|0
399|1|nam|2|"UNK"|0
401|1|nam|2|"UNK"|0
404|1|nam|2|"UNK"|0
408|1|nam|2|"UNK"|0
412|1|hgt|1|-32767|4
412|2|hgt|6|304|0
413|1|hgt|4|0|3
413|2|hgt|3|304|0
414|1|atn|1|3|2
414|2|hgt|1|-32767|4
414|3|atn|1|3|2
414|4|hgt|6|304|0
415|1|atn|1|3|2
415|2|hgt|4|0|3
415|3|hgt|3|304|0
416|1|hgt|2|-32767|0
417|1|zv2|2|-32767|0
422|1|nam|2|"UNK"|0
424|1|hgt|1|-32767|4
424|2|hgt|6|304|0
425|1|hgt|4|0|3
425|2|hgt|3|304|0
426|1|atn|1|3|2
426|2|hgt|1|-32767|4
426|3|atn|1|3|2
426|4|hgt|6|304|0
427|1|atn|1|3|2
427|2|hgt|4|0|3
427|3|hgt|3|304|0
428|1|hgt|2|-32767|0
429|1|zv2|2|-32767|0
433|1|nam|2|"UNK"|0
435|1|nam|2|"UNK"|0
438|1|nam|2|"UNK"|0
444|1|nam|2|"UNK"|0
446|1|nam|2|"UNK"|0
449|1|nam|2|"UNK"|0
454|1|bfc|1|0|1
454|2|bfc|1|1|1
454|3|bfc|1|9|1
454|4|bfc|1|10|1
454|5|bfc|1|11|1
454|6|bfc|1|16|1
454|7|bfc|1|17|1
454|8|bfc|1|18|1
454|9|bfc|1|19|1
454|10|bfc|1|20|1
454|11|bfc|1|22|1
454|12|bfc|1|23|1
454|13|bfc|1|24|1
454|14|bfc|1|27|1
454|15|bfc|1|83|1
454|16|bfc|1|999|0
455|1|bfc|1|15|0
456|1|bfc|1|2|1
456|2|bfc|1|3|1
456|3|bfc|1|5|1
456|4|bfc|1|12|1
456|5|bfc|1|13|1
456|6|bfc|1|14|0
457|1|bfc|1|4|0
458|1|bfc|1|7|2
458|2|hwt|1|0|1
458|3|hwt|1|2|1
458|4|hwt|1|3|1
458|5|hwt|1|4|1
458|6|hwt|1|7|0
459|1|bfc|1|7|2
459|2|hwt|1|11|0
460|1|bfc|1|7|2
460|2|hwt|1|14|1
460|3|hwt|1|15|1
460|4|hwt|1|16|0
461|1|bfc|1|7|2
461|2|hwt|1|20|0
462|1|bfc|1|7|2
462|2|hwt|1|21|0
463|1|bfc|1|7|2
463|2|hwt|1|5|1
463|3|hwt|1|6|1
463|4|hwt|1|9|0
464|1|bfc|1|82|0
465|1|nam|2|"UNK"|0
466|1|bfc|1|0|1
466|2|bfc|1|1|1
466|3|bfc|1|9|1
466|4|bfc|1|10|1
466|5|bfc|1|11|1
466|6|bfc|1|16|1
466|7|bfc|1|17|1
466|8|bfc|1|18|1
466|9|bfc|1|19|1
466|10|bfc|1|20|1
466|11|bfc|1|21|1
466|12|bfc|1|22|1
466|13|bfc|1|23|1
466|14|bfc|1|24|1
466|15|bfc|1|25|1
466|16|bfc|1|26|1
466|17|bfc|1|27|1
466|18|bfc|1|29|1
466|19|bfc|1|30|1
466|20|bfc|1|33|1
466|21|bfc|1|36|0
467|1|bfc|1|15|0
468|1|bfc|1|2|1
468|2|bfc|1|3|1
468|3|bfc|1|5|1
468|4|bfc|1|8|1
468|5|bfc|1|12|1
468|6|bfc|1|13|1
468|7|bfc|1|14|1
468|8|bfc|1|28|1
468|9|bfc|1|31|1
468|10|bfc|1|35|1
468|11|bfc|1|37|1
468|12|bfc|1|61|1
468|13|bfc|1|66|1
468|14|bfc|1|77|1
468|15|bfc|1|96|0
469|1|bfc|1|4|0
470|1|bfc|1|53|1
470|2|bfc|1|59|1
470|3|bfc|1|69|1
470|4|bfc|1|70|1
470|5|bfc|1|83|1
470|6|bfc|1|85|1
470|7|bfc|1|86|1
470|8|bfc|1|87|1
470|9|bfc|1|88|1
470|10|bfc|1|89|1
470|11|bfc|1|90|1
470|12|bfc|1|91|1
470|13|bfc|1|92|1
470|14|bfc|1|93|1
470|15|bfc|1|95|1
470|16|bfc|1|98|1
470|17|bfc|1|999|0
471|1|bfc|1|6|0
472|1|bfc|1|7|2
472|2|hwt|1|0|1
472|3|hwt|1|2|1
472|4|hwt|1|3|1
472|5|hwt|1|4|1
472|6|hwt|1|7|0
473|1|bfc|1|7|2
473|2|hwt|1|11|0
474|1|bfc|1|7|2
474|2|hwt|1|14|1
474|3|hwt|1|15|1
474|4|hwt|1|16|0
475|1|bfc|1|7|2
475|2|hwt|1|20|0
476|1|bfc|1|7|2
476|2|hwt|1|21|0
477|1|bfc|1|7|2
477|2|hwt|1|5|1
477|3|hwt|1|6|1
477|4|hwt|1|9|0
478|1|bfc|1|82|0
479|1|nam|2|"UNK"|0
480|1|bfc|1|0|1
480|2|bfc|1|9|1
480|3|bfc|1|10|1
480|4|bfc|1|11|1
480|5|bfc|1|16|1
480|6|bfc|1|17|1
480|7|bfc|1|18|1
480|8|bfc|1|19|1
480|9|bfc|1|20|1
480|10|bfc|1|33|1
480|11|bfc|1|34|1
480|12|bfc|1|36|1
480|13|bfc|1|39|1
480|14|bfc|1|51|1
480|15|bfc|1|53|1
480|16|bfc|1|55|1
480|17|bfc|1|56|1
480|18|bfc|1|57|1
480|19|bfc|1|58|0
481|1|bfc|1|15|1
481|2|bfc|1|60|1
481|3|bfc|1|108|0
482|1|bfc|1|1|1
482|2|bfc|1|21|1
482|3|bfc|1|22|1
482|4|bfc|1|23|1
482|5|bfc|1|24|1
482|6|bfc|1|25|1
482|7|bfc|1|26|1
482|8|bfc|1|27|1
482|9|bfc|1|29|1
482|10|bfc|1|30|1
482|11|bfc|1|40|1
482|12|bfc|1|54|1
482|13|bfc|1|59|1
482|14|bfc|1|71|1
482|15|bfc|1|72|1
482|16|bfc|1|73|1
482|17|bfc|1|74|1
482|18|bfc|1|75|1
482|19|bfc|1|76|0
483|1|bfc|1|2|1
483|2|bfc|1|3|1
483|3|bfc|1|5|1
483|4|bfc|1|8|1
483|5|bfc|1|12|1
483|6|bfc|1|13|1
483|7|bfc|1|14|1
483|8|bfc|1|28|1
483|9|bfc|1|31|1
483|10|bfc|1|35|1
483|11|bfc|1|37|1
483|12|bfc|1|38|1
483|13|bfc|1|52|1
483|14|bfc|1|61|1
483|15|bfc|1|62|1
483|16|bfc|1|64|1
483|17|bfc|1|65|1
483|18|bfc|1|66|1
483|19|bfc|1|67|1
483|20|bfc|1|77|1
483|21|bfc|1|78|1
483|22|bfc|1|79|1
483|23|bfc|1|80|1
483|24|bfc|1|96|1
483|25|bfc|1|101|1
483|26|bfc|1|119|1
483|27|bfc|1|121|1
483|28|bfc|1|123|1
483|29|bfc|1|723|0
484|1|bfc|1|4|0
485|1|bfc|1|63|1
485|2|bfc|1|69|1
485|3|bfc|1|70|1
485|4|bfc|1|87|1
485|5|bfc|1|88|1
485|6|bfc|1|91|1
485|7|bfc|1|92|1
485|8|bfc|1|93|1
485|9|bfc|1|95|1
485|10|bfc|1|97|1
485|11|bfc|1|98|1
485|12|bfc|1|99|1
485|13|bfc|1|103|1
485|14|bfc|1|105|1
485|15|bfc|1|106|1
485|16|bfc|1|107|1
485|17|bfc|1|109|1
485|18|bfc|1|111|1
485|19|bfc|1|115|1
485|20|bfc|1|117|1
485|21|bfc|1|118|1
485|22|bfc|1|122|1
485|23|bfc|1|126|1
485|24|bfc|1|127|1
485|25|bfc|1|128|1
485|26|bfc|1|999|0
486|1|bfc|1|6|1
486|2|bfc|1|100|0
487|1|bfc|1|7|1
487|2|bfc|1|114|2
487|3|hwt|1|0|1
487|4|hwt|1|2|1
487|5|hwt|1|3|1
487|6|hwt|1|4|1
487|7|hwt|1|7|1
487|8|hwt|1|23|4
487|9|bfc|1|50|0
488|1|bfc|1|7|1
488|2|bfc|1|114|2
488|3|hwt|1|11|0
489|1|bfc|1|7|1
489|2|bfc|1|114|2
489|3|hwt|1|14|1
489|4|hwt|1|15|1
489|5|hwt|1|16|0
490|1|bfc|1|7|1
490|2|bfc|1|114|2
490|3|hwt|1|20|0
491|1|bfc|1|7|1
491|2|bfc|1|114|2
491|3|hwt|1|21|0
492|1|bfc|1|7|1
492|2|bfc|1|114|2
492|3|hwt|1|5|1
492|4|hwt|1|6|1
492|5|hwt|1|9|0
493|1|bfc|1|81|1
493|2|bfc|1|83|1
493|3|bfc|1|84|1
493|4|bfc|1|85|1
493|5|bfc|1|86|1
493|6|bfc|1|89|1
493|7|bfc|1|90|1
493|8|bfc|1|94|1
493|9|bfc|1|102|1
493|10|bfc|1|104|1
493|11|bfc|1|110|1
493|12|bfc|1|112|1
493|13|bfc|1|113|1
493|14|bfc|1|116|1
493|15|bfc|1|120|1
493|16|bfc|1|124|1
493|17|bfc|1|125|0
494|1|bfc|1|82|0
495|1|nam|2|"UNK"|0
496|1|bfc|2|7|3
496|2|bfc|2|81|0
497|1|bfc|1|7|2
497|2|hwt|1|0|1
497|3|hwt|1|2|1
497|4|hwt|1|3|1
497|5|hwt|1|4|1
497|6|hwt|1|7|1
497|7|hwt|1|22|0
498|1|bfc|1|7|2
498|2|hwt|1|11|1
498|3|hwt|1|14|1
498|4|hwt|1|15|1
498|5|hwt|1|16|1
498|6|hwt|1|20|1
498|7|hwt|1|21|0
499|1|bfc|1|7|2
499|2|hwt|1|5|1
499|3|hwt|1|6|1
499|4|hwt|1|9|0
500|1|bfc|1|81|2
500|2|sta|2|0|3
500|3|sta|2|1|3
500|4|sta|2|2|3
500|5|sta|2|3|3
500|6|sta|2|5|3
500|7|sta|2|6|3
500|8|sta|2|11|0
501|1|bfc|1|81|2
501|2|sta|2|5|2
501|3|sst|2|16|0
502|1|bfc|1|81|2
502|2|sta|1|0|1
502|3|sta|1|2|1
502|4|sta|1|3|1
502|5|sta|1|6|1
502|6|sta|1|11|0
503|1|bfc|1|81|2
503|2|sta|1|1|0
504|1|bfc|1|81|2
504|2|sta|1|5|0
505|1|bfc|1|81|2
505|2|sta|1|5|2
505|3|sst|2|16|0
506|1|bfc|2|81|2
506|2|col|2|"UNK"|0
507|1|bfc|1|81|2
507|2|sst|2|0|3
507|3|sst|2|16|0
508|1|hgt|1|-32767|4
508|2|hgt|6|304|0
509|1|hgt|4|0|3
509|2|hgt|3|304|0
510|1|atn|1|3|2
510|2|hgt|1|-32767|4
510|3|atn|1|3|2
510|4|hgt|6|304|0
511|1|atn|1|3|2
511|2|hgt|4|0|3
511|3|hgt|3|304|0
512|1|hgt|2|-32767|0
513|1|zv2|2|-32767|0
514|1|bfc|1|0|1
514|2|bfc|1|1|1
514|3|bfc|1|9|1
514|4|bfc|1|10|1
514|5|bfc|1|11|1
514|6|bfc|1|16|1
514|7|bfc|1|17|1
514|8|bfc|1|18|1
514|9|bfc|1|19|1
514|10|bfc|1|20|1
514|11|bfc|1|21|1
514|12|bfc|1|22|1
514|13|bfc|1|23|1
514|14|bfc|1|24|1
514|15|bfc|1|25|1
514|16|bfc|1|26|1
514|17|bfc|1|27|1
514|18|bfc|1|29|1
514|19|bfc|1|30|1
514|20|bfc|1|33|1
514|21|bfc|1|36|1
514|22|bfc|1|53|1
514|23|bfc|1|59|1
514|24|bfc|1|69|1
514|25|bfc|1|70|1
514|26|bfc|1|83|1
514|27|bfc|1|85|1
514|28|bfc|1|86|1
514|29|bfc|1|87|1
514|30|bfc|1|88|1
514|31|bfc|1|89|0
515|1|bfc|1|15|0
516|1|bfc|1|2|1
516|2|bfc|1|3|1
516|3|bfc|1|5|1
516|4|bfc|1|8|1
516|5|bfc|1|12|1
516|6|bfc|1|13|1
516|7|bfc|1|14|1
516|8|bfc|1|28|1
516|9|bfc|1|31|1
516|10|bfc|1|35|1
516|11|bfc|1|37|1
516|12|bfc|1|61|1
516|13|bfc|1|66|1
516|14|bfc|1|77|1
516|15|bfc|1|96|0
517|1|bfc|1|4|0
518|1|bfc|1|6|0
519|1|bfc|1|7|0
520|1|bfc|1|82|0
521|1|bfc|1|90|1
521|2|bfc|1|91|1
521|3|bfc|1|92|1
521|4|bfc|1|93|1
521|5|bfc|1|95|1
521|6|bfc|1|98|1
521|7|bfc|1|999|0
522|1|nam|2|"UNK"|0
535|1|bfc|2|6|3
535|2|bfc|2|7|3
535|3|bfc|2|15|0
536|1|bfc|1|15|0
537|1|bfc|1|6|0
538|1|bfc|1|7|0
539|1|nam|2|"UNK"|0
540|1|bfc|2|2|3
540|2|bfc|2|3|3
540|3|bfc|2|5|3
540|4|bfc|2|8|3
540|5|bfc|2|15|3
540|6|bfc|2|28|3
540|7|bfc|2|52|3
540|8|bfc|2|121|3
540|9|bfc|2|6|3
540|10|bfc|2|7|3
540|11|bfc|2|114|3
540|12|bfc|2|100|3
540|13|bfc|2|60|3
540|14|bfc|2|108|0
541|1|bfc|1|15|1
541|2|bfc|1|60|1
541|3|bfc|1|108|0
542|1|bfc|1|2|1
542|2|bfc|1|3|1
542|3|bfc|1|5|1
542|4|bfc|1|8|1
542|5|bfc|1|28|1
542|6|bfc|1|52|1
542|7|bfc|1|121|0
543|1|bfc|1|6|1
543|2|bfc|1|100|0
544|1|bfc|1|7|1
544|2|bfc|1|114|0
545|1|nam|2|"UNK"|0
547|1|bfc|2|6|3
547|2|bfc|2|7|3
547|3|bfc|2|15|0
548|1|bfc|1|15|0
549|1|bfc|1|6|0
550|1|bfc|1|7|0
551|1|nam|2|"UNK"|0
552|1|bfc|2|7|3
552|2|bfc|2|15|0
553|1|bfc|1|15|0
554|1|bfc|1|7|0
555|1|nam|2|"UNK"|0
556|1|bfc|2|6|3
556|2|bfc|2|7|3
556|3|bfc|2|15|0
557|1|bfc|1|15|0
558|1|bfc|1|6|0
559|1|bfc|1|7|0
560|1|nam|2|"UNK"|0
561|1|bfc|2|2|3
561|2|bfc|2|3|3
561|3|bfc|2|5|3
561|4|bfc|2|8|3
561|5|bfc|2|28|3
561|6|bfc|2|52|3
561|7|bfc|2|121|3
561|8|bfc|2|15|3
561|9|bfc|2|6|3
561|10|bfc|2|7|3
561|11|bfc|2|114|3
561|12|bfc|2|100|3
561|13|bfc|2|60|3
561|14|bfc|2|108|0
562|1|bfc|1|15|1
562|2|bfc|1|60|1
562|3|bfc|1|108|0
563|1|bfc|1|2|1
563|2|bfc|1|3|1
563|3|bfc|1|5|1
563|4|bfc|1|8|1
563|5|bfc|1|28|1
563|6|bfc|1|52|1
563|7|bfc|1|121|0
564|1|bfc|1|6|1
564|2|bfc|1|100|0
565|1|bfc|1|7|1
565|2|bfc|1|114|0
566|1|nam|2|"UNK"|0
568|1|bfc|2|6|3
568|2|bfc|2|7|3
568|3|bfc|2|15|0
569|1|bfc|1|15|0
570|1|bfc|1|6|0
571|1|bfc|1|7|0
572|1|nam|2|"UNK"|0
575|1|hgt|1|-32767|4
575|2|hgt|6|304|0
576|1|hgt|4|0|3
576|2|hgt|3|304|0
577|1|atn|1|3|2
577|2|hgt|1|-32767|4
577|3|atn|1|3|2
577|4|hgt|6|304|0
578|1|atn|1|3|2
578|2|hgt|4|0|3
578|3|hgt|3|304|0
579|1|hgt|2|-32767|0
580|1|zv2|2|-32767|0
584|1|nam|2|"UNK"|0
586|1|nam|2|"UNK"|0
588|1|nam|2|"UNK"|0
592|1|nam|2|"UNK"|0
594|1|nam|2|"UNK"|0
595|1|bac|1|0|1
595|2|bac|1|1|0
596|1|bac|1|2|0
597|1|nam|2|"UNK"|0
598|1|bac|1|0|1
598|2|bac|1|1|0
599|1|bac|1|2|0
600|1|nam|2|"UNK"|0
604|1|nam|2|"UNK"|0
616|1|nam|2|"UNK"|0
619|1|nam|2|"UNK"|0
621|1|nam|2|"UNK"|0
624|1|nam|2|"UNK"|0
627|1|nam|2|"UNK"|0
629|1|nam|2|"UNK"|0
631|1|hgt|1|-32767|4
631|2|hgt|6|304|0
632|1|hgt|4|0|3
632|2|hgt|3|304|0
633|1|atn|1|3|2
633|2|hgt|1|-32767|4
633|3|atn|1|3|2
633|4|hgt|6|304|0
634|1|atn|1|3|2
634|2|hgt|4|0|3
634|3|hgt|3|304|0
635|1|hgt|2|-32767|0
636|1|zv2|2|-32767|0
660|1|nam|2|"UNK"|0
663|1|nam|2|"UNK"|0
665|1|nam|2|"UNK"|0
668|1|hgt|1|-32767|4
668|2|hgt|6|304|0
669|1|hgt|4|0|3
669|2|hgt|3|304|0
670|1|atn|1|3|2
670|2|hgt|1|-32767|4
670|3|atn|1|3|2
670|4|hgt|6|304|0
671|1|atn|1|3|2
671|2|hgt|4|0|3
671|3|hgt|3|304|0
672|1|hgt|2|-32767|0
673|1|zv2|2|-32767|0
676|1|nam|2|"UNK"|0
678|1|nam|2|"UNK"|0
680|1|nam|2|"UNK"|0
683|1|nam|2|"UNK"|0
685|1|nam|2|"UNK"|0
687|1|nam|2|"UNK"|0
689|1|hgt|1|-32767|4
689|2|hgt|6|304|0
690|1|hgt|4|0|3
690|2|hgt|3|304|0
691|1|atn|1|3|2
691|2|hgt|1|-32767|4
691|3|atn|1|3|2
691|4|hgt|6|304|0
692|1|atn|1|3|2
692|2|hgt|4|0|3
692|3|hgt|3|304|0
693|1|hgt|2|-32767|0
694|1|zv2|2|-32767|0
696|1|nam|2|"UNK"|0
700|1|nam|2|"UNK"|0
702|1|nam|2|"UNK"|0
704|1|nam|2|"UNK"|0
706|1|nam|2|"UNK"|0
709|1|nam|2|"UNK"|0
711|1|nam|2|"UNK"|0
713|1|nam|2|"UNK"|0
723|1|nam|2|"UNK"|0
725|1|nam|2|"UNK"|0
727|1|nam|2|"UNK"|0
734|1|nam|2|"UNK"|0
735|1|loc|1|22|2
735|2|vrr|1|4|2
735|3|hdp|1|0|0
736|1|loc|1|22|2
736|2|vrr|1|4|2
736|3|hdp|4|0|3
736|4|hdp|5|20|0
737|1|loc|1|22|2
737|2|vrr|1|4|2
737|3|hdp|4|20|0
738|1|loc|1|22|2
738|2|vrr|1|8|0
739|1|loc|1|22|2
739|2|vrr|1|1|0
740|1|loc|1|8|0
750|1|nam|2|"UNK"|0
752|1|nam|2|"UNK"|0
753|1|loc|1|22|2
753|2|vrr|1|4|2
753|3|hdp|1|0|0
754|1|loc|1|22|2
754|2|vrr|1|4|2
754|3|hdp|4|0|3
754|4|hdp|5|20|0
755|1|loc|1|22|2
755|2|vrr|1|4|2
755|3|hdp|4|20|0
756|1|loc|1|22|2
756|2|vrr|1|8|0
757|1|loc|1|22|2
757|2|vrr|1|1|0
758|1|loc|1|8|0
760|1|nam|2|"UNK"|0
780|1|col|2|"UNK"|0
781|1|hgt|1|-32767|4
781|2|hgt|6|304|0
782|1|hgt|4|0|3
782|2|hgt|3|304|0
783|1|atn|1|3|2
783|2|hgt|1|-32767|4
783|3|atn|1|3|2
783|4|hgt|6|304|0
784|1|atn|1|3|2
784|2|hgt|4|0|3
784|3|hgt|3|304|0
785|1|hgt|2|-32767|0
786|1|zv2|2|-32767|0
796|1|nam|2|"UNK"|0
808|1|nam|2|"UNK"|0
809|1|hgt|1|-32767|4
809|2|hgt|6|304|0
810|1|hgt|4|0|3
810|2|hgt|3|304|0
811|1|hgt|2|-32767|0
812|1|zv2|2|-32767|0
815|1|nam|2|"UNK"|0
822|1|nam|2|"UNK"|0
824|1|hgt|1|-32767|4
824|2|hgt|6|304|0
825|1|hgt|4|0|3
825|2|hgt|3|304|0
826|1|atn|1|3|2
826|2|hgt|1|-32767|4
826|3|atn|1|3|2
826|4|hgt|6|304|0
827|1|atn|1|3|2
827|2|hgt|4|0|3
827|3|hgt|3|304|0
828|1|hgt|2|-32767|0
829|1|zv2|2|-32767|0
834|1|nam|2|"UNK"|0
839|1|nam|2|"UNK"|0
841|1|hgt|1|-32767|4
841|2|hgt|6|304|0
842|1|hgt|4|0|3
842|2|hgt|3|304|0
843|1|atn|1|3|2
843|2|hgt|1|-32767|4
843|3|atn|1|3|2
843|4|hgt|6|304|0
844|1|atn|1|3|2
844|2|hgt|4|0|3
844|3|hgt|3|304|0
845|1|hgt|2|-32767|0
846|1|zv2|2|-32767|0
851|1|nam|2|"UNK"|0
856|1|nam|2|"UNK"|0
861|1|nam|2|"UNK"|0
865|1|nam|2|"UNK"|0
871|1|nam|2|"UNK"|0
873|1|col|2|"UNK"|0
874|1|hgt|1|-32767|4
874|2|hgt|6|304|0
875|1|hgt|4|0|3
875|2|hgt|3|304|0
876|1|atn|1|3|2
876|2|hgt|1|-32767|4
876|3|atn|1|3|2
876|4|hgt|6|304|0
877|1|atn|1|3|2
877|2|hgt|4|0|3
877|3|hgt|3|304|0
878|1|hgt|2|-32767|0
879|1|zv2|2|-32767|0
886|1|nam|2|"UNK"|0
894|1|nam|2|"UNK"|0
896|1|hgt|1|-32767|4
896|2|hgt|6|304|0
897|1|hgt|4|0|3
897|2|hgt|3|304|0
898|1|atn|1|3|2
898|2|hgt|1|-32767|4
898|3|atn|1|3|2
898|4|hgt|6|304|0
899|1|atn|1|3|2
899|2|hgt|4|0|3
899|3|hgt|3|304|0
900|1|hgt|2|-32767|0
901|1|zv2|2|-32767|0
905|1|nam|2|"UNK"|0
906|1|exs|2|28|2
906|2|fco|2|0|3
906|3|fco|2|3|0
907|1|exs|2|28|2
907|2|fco|1|0|1
907|3|fco|1|3|0
908|1|exs|1|28|2
908|2|fco|2|0|3
908|3|fco|2|3|0
909|1|exs|1|28|2
909|2|fco|1|0|1
909|3|fco|1|3|0
910|1|exs|1|0|1
910|2|exs|1|28|2
910|3|fco|2|0|3
910|4|fco|2|3|2
910|5|rgc|2|2|0
911|1|exs|1|0|1
911|2|exs|1|28|2
911|3|fco|2|0|3
911|4|fco|2|3|2
911|5|rgc|1|2|0
912|1|exs|1|0|1
912|2|exs|1|28|2
912|3|fco|1|0|1
912|4|fco|1|3|2
912|5|rgc|2|2|0
913|1|exs|1|0|1
913|2|exs|1|28|2
913|3|fco|1|0|1
913|4|fco|1|3|2
913|5|rgc|1|2|0
914|1|exs|1|5|1
914|2|exs|1|6|1
914|3|exs|1|7|2
914|4|fco|2|0|3
914|5|fco|2|3|2
914|6|rgc|2|2|0
915|1|exs|1|5|1
915|2|exs|1|6|1
915|3|exs|1|7|2
915|4|fco|2|0|3
915|5|fco|2|3|2
915|6|rgc|1|2|0
916|1|exs|1|5|1
916|2|exs|1|6|1
916|3|exs|1|7|2
916|4|fco|1|0|1
916|5|fco|1|3|2
916|6|rgc|2|2|0
917|1|exs|1|5|1
917|2|exs|1|6|1
917|3|exs|1|7|2
917|4|fco|1|0|1
917|5|fco|1|3|2
917|6|rgc|1|2|0
918|1|exs|1|8|0
919|1|nam|2|"UNK"|0
920|1|exs|1|0|1
920|2|exs|1|28|2
920|3|fco|2|0|3
920|4|fco|2|3|2
920|5|rgc|2|2|0
921|1|exs|1|0|1
921|2|exs|1|28|2
921|3|fco|2|0|3
921|4|fco|2|3|2
921|5|rgc|1|2|0
922|1|exs|1|0|1
922|2|exs|1|28|2
922|3|fco|1|0|1
922|4|fco|1|3|2
922|5|rgc|2|2|0
923|1|exs|1|0|1
923|2|exs|1|28|2
923|3|fco|1|0|1
923|4|fco|1|3|2
923|5|rgc|1|2|0
924|1|exs|1|5|1
924|2|exs|1|6|1
924|3|exs|1|7|2
924|4|fco|2|0|3
924|5|fco|2|3|2
924|6|rgc|2|2|0
925|1|exs|1|5|1
925|2|exs|1|6|1
925|3|exs|1|7|2
925|4|fco|2|0|3
925|5|fco|2|3|2
925|6|rgc|1|2|0
926|1|exs|1|5|1
926|2|exs|1|6|1
926|3|exs|1|7|2
926|4|fco|1|0|1
926|5|fco|1|3|2
926|6|rgc|2|2|0
927|1|exs|1|5|1
927|2|exs|1|6|1
927|3|exs|1|7|2
927|4|fco|1|0|1
927|5|fco|1|3|2
927|6|rgc|1|2|0
928|1|exs|1|8|0
929|1|nam|2|"UNK"|0
930|1|exs|1|0|1
930|2|exs|1|28|2
930|3|ltn|3|2|2
930|4|rgc|2|2|0
931|1|exs|1|0|1
931|2|exs|1|28|2
931|3|ltn|3|2|2
931|4|rgc|1|2|0
932|1|exs|1|0|1
932|2|exs|1|28|2
932|3|ltn|4|1|2
932|4|rgc|2|2|0
933|1|exs|1|0|1
933|2|exs|1|28|2
933|3|ltn|4|1|2
933|4|rgc|1|2|0
934|1|exs|1|5|1
934|2|exs|1|6|1
934|3|exs|1|7|2
934|4|ltn|3|2|2
934|5|rgc|2|2|0
935|1|exs|1|5|1
935|2|exs|1|6|1
935|3|exs|1|7|2
935|4|ltn|3|2|2
935|5|rgc|1|2|0
936|1|exs|1|5|1
936|2|exs|1|6|1
936|3|exs|1|7|2
936|4|ltn|4|1|2
936|5|rgc|2|2|0
937|1|exs|1|5|1
937|2|exs|1|6|1
937|3|exs|1|7|2
937|4|ltn|4|1|2
937|5|rgc|1|2|0
938|1|exs|1|8|0
939|1|nam|2|"UNK"|0
941|1|exs|1|0|1
941|2|exs|1|1|2
941|3|fco|2|2|2
941|4|rrc|2|4|0
942|1|exs|1|0|1
942|2|exs|1|1|2
942|3|fco|2|2|2
942|4|rrc|1|4|0
943|1|exs|1|0|1
943|2|exs|1|1|2
943|3|fco|1|2|2
943|4|rrc|2|4|0
944|1|exs|1|0|1
944|2|exs|1|1|2
944|3|fco|1|2|2
944|4|rrc|1|4|0
945|1|exs|1|5|2
945|2|fco|2|2|2
945|3|rrc|2|4|0
946|1|exs|1|5|2
946|2|fco|2|2|2
946|3|rrc|1|4|0
947|1|exs|1|5|2
947|2|fco|1|2|2
947|3|rrc|2|4|0
948|1|exs|1|5|2
948|2|fco|1|2|2
948|3|rrc|1|4|0
949|1|exs|1|8|0
950|1|exs|1|0|1
950|2|exs|1|28|2
950|3|ltn|3|2|2
950|4|rgc|2|2|0
951|1|exs|1|0|1
951|2|exs|1|28|2
951|3|ltn|3|2|2
951|4|rgc|1|2|0
952|1|exs|1|0|1
952|2|exs|1|28|2
952|3|ltn|4|1|2
952|4|rgc|2|2|0
953|1|exs|1|0|1
953|2|exs|1|28|2
953|3|ltn|4|1|2
953|4|rgc|1|2|0
954|1|exs|1|5|1
954|2|exs|1|6|1
954|3|exs|1|7|2
954|4|ltn|3|2|2
954|5|rgc|2|2|0
955|1|exs|1|5|1
955|2|exs|1|6|1
955|3|exs|1|7|2
955|4|ltn|3|2|2
955|5|rgc|1|2|0
956|1|exs|1|5|1
956|2|exs|1|6|1
956|3|exs|1|7|2
956|4|ltn|4|1|2
956|5|rgc|2|2|0
957|1|exs|1|5|1
957|2|exs|1|6|1
957|3|exs|1|7|2
957|4|ltn|4|1|2
957|5|rgc|1|2|0
958|1|exs|1|8|0
959|1|exs|1|0|1
959|2|exs|1|28|2
959|3|ltn|3|2|2
959|4|rgc|2|2|0
960|1|exs|1|0|1
960|2|exs|1|28|2
960|3|ltn|3|2|2
960|4|rgc|1|2|0
961|1|exs|1|0|1
961|2|exs|1|28|2
961|3|ltn|4|1|2
961|4|rgc|2|2|0
962|1|exs|1|0|1
962|2|exs|1|28|2
962|3|ltn|4|1|2
962|4|rgc|1|2|0
963|1|exs|1|5|1
963|2|exs|1|6|1
963|3|exs|1|7|2
963|4|ltn|3|2|2
963|5|rgc|2|2|0
964|1|exs|1|5|1
964|2|exs|1|6|1
964|3|exs|1|7|2
964|4|ltn|3|2|2
964|5|rgc|1|2|0
965|1|exs|1|5|1
965|2|exs|1|6|1
965|3|exs|1|7|2
965|4|ltn|4|1|2
965|5|rgc|2|2|0
966|1|exs|1|5|1
966|2|exs|1|6|1
966|3|exs|1|7|2
966|4|ltn|4|1|2
966|5|rgc|1|2|0
967|1|exs|1|8|0
969|1|exs|2|0|3
969|2|exs|2|28|2
969|3|rgc|2|2|0
970|1|exs|2|0|3
970|2|exs|2|28|2
970|3|rgc|1|2|0
971|1|exs|1|0|1
971|2|exs|1|28|2
971|3|rgc|2|2|0
972|1|exs|1|0|1
972|2|exs|1|28|2
972|3|rgc|1|2|0
973|1|exs|2|0|3
973|2|exs|2|28|2
973|3|rgc|2|2|0
974|1|exs|2|0|3
974|2|exs|2|28|2
974|3|rgc|1|2|0
975|1|exs|1|0|1
975|2|exs|1|28|2
975|3|rgc|2|2|0
976|1|exs|1|0|1
976|2|exs|1|28|2
976|3|rgc|1|2|0
977|1|exs|2|0|3
977|2|exs|2|28|2
977|3|rgc|2|2|0
978|1|exs|2|0|3
978|2|exs|2|28|2
978|3|rgc|1|2|0
979|1|exs|1|0|1
979|2|exs|1|28|2
979|3|rgc|2|2|0
980|1|exs|1|0|1
980|2|exs|1|28|2
980|3|rgc|1|2|0
981|1|exs|1|0|1
981|2|exs|1|1|2
981|3|rrc|2|4|0
982|1|exs|1|0|1
982|2|exs|1|1|2
982|3|rrc|1|4|0
983|1|exs|1|5|2
983|2|rrc|2|4|0
984|1|exs|1|5|2
984|2|rrc|1|4|0
985|1|exs|2|0|3
985|2|exs|2|28|2
985|3|rgc|2|2|0
986|1|exs|2|0|3
986|2|exs|2|28|2
986|3|rgc|1|2|0
987|1|exs|1|0|1
987|2|exs|1|28|2
987|3|rgc|2|2|0
988|1|exs|1|0|1
988|2|exs|1|28|2
988|3|rgc|1|2|0
989|1|exs|2|0|3
989|2|exs|2|28|2
989|3|rgc|2|2|0
990|1|exs|2|0|3
990|2|exs|2|28|2
990|3|rgc|1|2|0
991|1|exs|1|0|1
991|2|exs|1|28|2
991|3|rgc|2|2|0
992|1|exs|1|0|1
992|2|exs|1|28|2
992|3|rgc|1|2|0
998|1|nam|2|"UNK"|0
1007|1|nam|2|"UNK"|0
1017|1|nam|2|"UNK"|0
1022|1|nam|2|"UNK"|0
1023|1|med|2|1|0
1024|1|med|1|1|0
1025|1|ltn|1|0|1
1025|2|ltn|1|1|2
1025|3|med|2|1|2
1025|4|rst|1|0|1
1025|5|rst|1|1|2
1025|6|wtc|2|2|0
1026|1|ltn|1|2|1
1026|2|ltn|1|3|2
1026|3|med|2|1|2
1026|4|rst|1|0|1
1026|5|rst|1|1|2
1026|6|wtc|2|2|0
1027|1|ltn|6|4|2
1027|2|med|2|1|2
1027|3|rst|1|0|1
1027|4|rst|1|1|2
1027|5|wtc|2|2|0
1028|2|med|2|1|2
1028|3|rst|1|2|1
1028|4|rst|1|3|2
1028|5|wtc|2|2|0
1029|1|med|2|1|2
1029|4|wtc|1|2|0
1030|1|med|1|1|0
1031|1|nam|2|"UNK"|0
1032|1|ltn|1|0|1
1032|2|ltn|1|1|2
1032|3|med|2|1|2
1032|4|rst|1|0|1
1032|5|rst|1|1|2
1032|6|wtc|2|2|0
1033|1|ltn|1|2|1
1033|2|ltn|1|3|2
1033|3|med|2|1|2
1033|4|rst|1|0|1
1033|5|rst|1|1|2
1033|6|wtc|2|2|0
1034|1|ltn|6|4|2
1034|2|med|2|1|2
1034|3|rst|1|0|1
1034|4|rst|1|1|2
1034|5|wtc|2|2|0
1035|2|med|2|1|2
1035|3|rst|1|2|1
1035|4|rst|1|3|2
1035|5|wtc|2|2|0
1036|1|med|2|1|2
1036|4|wtc|1|2|0
1037|1|med|1|1|0
1038|1|nam|2|"UNK"|0
1039|1|ltn|1|0|1
1039|2|ltn|1|1|2
1039|3|med|2|1|2
1039|4|rst|1|0|1
1039|5|rst|1|1|2
1039|6|wtc|2|2|0
1040|1|ltn|1|2|1
1040|2|ltn|1|3|2
1040|3|med|2|1|2
1040|4|rst|1|0|1
1040|5|rst|1|1|2
1040|6|wtc|2|2|0
1041|1|ltn|6|4|2
1041|2|med|2|1|2
1041|3|rst|1|0|1
1041|4|rst|1|1|2
1041|5|wtc|2|2|0
1042|2|med|2|1|2
1042|3|rst|1|2|1
1042|4|rst|1|3|2
1042|5|wtc|2|2|0
1043|1|med|2|1|2
1043|4|wtc|1|2|0
1044|1|med|1|1|0
1045|1|nam|2|"UNK"|0
1047|1|fco|1|0|1
1047|2|fco|1|7|2
1047|3|rst|1|0|1
1047|4|rst|1|1|2
1047|5|wtc|2|2|0
1048|1|fco|1|0|1
1048|2|fco|1|7|2
1048|3|rst|1|2|2
1048|4|wtc|2|2|0
1049|1|fco|1|0|1
1049|2|fco|1|7|2
1049|4|wtc|1|2|0
1050|1|fco|1|5|1
1050|2|fco|1|6|0
1052|1|med|2|1|2
1052|2|rst|1|0|1
1052|3|rst|1|1|2
1052|4|wtc|2|2|0
1053|1|med|2|1|2
1053|2|rst|1|2|2
1053|3|wtc|2|2|0
1054|1|med|2|1|2
1054|3|wtc|1|2|0
1055|1|med|1|1|0
1056|1|med|2|1|2
1056|2|rst|1|0|1
1056|3|rst|1|1|2
1056|4|wtc|2|2|0
1057|1|med|2|1|2
1057|2|rst|1|2|2
1057|3|wtc|2|2|0
1058|1|med|2|1|2
1058|3|wtc|1|2|0
1059|1|med|1|1|0
1061|1|med|2|1|2
1061|2|wtc|2|2|0
1062|1|med|2|1|2
1062|2|wtc|1|2|0
1063|1|med|1|1|0
1064|1|nam|2|"UNK"|0
1066|1|nam|2|"UNK"|0
1082|1|hgt|1|-32767|4
1082|2|hgt|6|304|0
1083|1|hgt|4|0|3
1083|2|hgt|3|304|0
1084|1|atn|1|3|2
1084|2|hgt|1|-32767|4
1084|3|atn|1|3|2
1084|4|hgt|6|304|0
1085|1|atn|1|3|2
1085|2|hgt|4|0|3
1085|3|hgt|3|304|0
1086|1|hgt|2|-32767|0
1087|1|zv2|2|-32767|0
1093|1|nam|2|"UNK"|0
1095|1|hgt|1|-32767|4
1095|2|hgt|6|304|0
1096|1|hgt|4|0|3
1096|2|hgt|3|304|0
1097|1|atn|1|3|2
1097|2|hgt|1|-32767|4
1097|3|atn|1|3|2
1097|4|hgt|6|304|0
1098|1|atn|1|3|2
1098|2|hgt|4|0|3
1098|3|hgt|3|304|0
1099|1|hgt|2|-32767|0
1100|1|zv2|2|-32767|0
1107|1|nam|2|"UNK"|0
1108|1|bsc|2|12|2
1108|2|bot|2|4|3
1108|3|bot|2|10|3
1108|4|bot|2|11|0
1109|1|bsc|1|12|4
1109|2|bot|1|4|1
1109|3|bot|1|10|1
1109|4|bot|1|11|0
1110|1|nam|2|"UNK"|0
1119|1|nam|2|"UNK"|0
1120|1|bsc|2|12|2
1120|2|bot|2|4|3
1120|3|bot|2|10|3
1120|4|bot|2|11|0
1121|1|bsc|1|12|4
1121|2|bot|1|4|1
1121|3|bot|1|10|1
1121|4|bot|1|11|0
1122|1|nam|2|"UNK"|0
1132|1|hgt|1|-32767|4
1132|2|hgt|6|304|0
1133|1|hgt|4|0|3
1133|2|hgt|3|304|0
1134|1|atn|1|3|2
1134|2|hgt|1|-32767|4
1134|3|atn|1|3|2
1134|4|hgt|6|304|0
1135|1|atn|1|3|2
1135|2|hgt|4|0|3
1135|3|hgt|3|304|0
1136|1|hgt|2|-32767|0
1137|1|zv2|2|-32767|0
1139|1|hgt|1|-32767|4
1139|2|hgt|6|304|0
1140|1|hgt|4|0|3
1140|2|hgt|3|304|0
1141|1|atn|1|3|2
1141|2|hgt|1|-32767|4
1141|3|atn|1|3|2
1141|4|hgt|6|304|0
1142|1|atn|1|3|2
1142|2|hgt|4|0|3
1142|3|hgt|3|304|0
1143|1|hgt|2|-32767|0
1144|1|zv2|2|-32767|0
1145|1|wd1|3|40|0
1146|1|wd1|1|40|0
1151|1|nam|2|"UNK"|0
1153|1|hgt|1|-32767|4
1153|2|hgt|6|304|0
1154|1|hgt|4|0|3
1154|2|hgt|3|304|0
1155|1|atn|1|3|2
1155|2|hgt|1|-32767|4
1155|3|atn|1|3|2
1155|4|hgt|6|304|0
1156|1|atn|1|3|2
1156|2|hgt|4|0|3
1156|3|hgt|3|304|0
1157|1|hgt|2|-32767|0
1158|1|zv2|2|-32767|0
1169|1|nam|2|"UNK"|0
1171|1|nam|2|"UNK"|0
1173|1|nam|2|"UNK"|0
1179|1|nam|2|"UNK"|0
1181|1|nam|2|"UNK"|0
1183|1|nam|2|"UNK"|0
1184|1|fer|1|1|0
1185|1|fer|1|2|0
1194|1|nam|2|"UNK"|0
1198|1|nam|2|"UNK"|0
1200|1|hgt|1|-32767|4
1200|2|hgt|6|304|0
1201|1|hgt|4|0|3
1201|2|hgt|3|304|0
1202|1|atn|1|3|2
1202|2|hgt|1|-32767|4
1202|3|atn|1|3|2
1202|4|hgt|6|304|0
1203|1|atn|1|3|2
1203|2|hgt|4|0|3
1203|3|hgt|3|304|0
1204|1|hgt|2|-32767|0
1205|1|zv2|2|-32767|0
1211|1|loc|1|4|0
1212|1|loc|1|8|0
1213|1|loc|1|0|1
1213|2|loc|1|8|2
1213|3|pro|2|116|0
1214|1|loc|1|0|1
1214|2|loc|1|8|2
1214|3|pro|1|116|0
1215|1|loc|1|4|2
1215|2|pro|2|116|0
1216|1|loc|1|4|2
1216|2|pro|1|116|0
1217|1|exs|2|5|3
1217|2|exs|2|6|2
1217|3|loc|1|0|1
1217|4|loc|1|8|1
1217|5|loc|1|25|2
1217|6|pro|1|116|0
1218|1|exs|2|5|3
1218|2|exs|2|6|2
1218|3|loc|1|4|2
1218|4|pro|1|116|0
1219|1|exs|1|5|1
1219|2|exs|1|6|2
1219|3|pro|1|116|0
1220|1|loc|1|0|1
1220|2|loc|1|8|1
1220|3|loc|1|25|2
1220|4|pro|2|116|0
1221|1|loc|1|4|2
1221|2|pro|2|116|0
1222|1|exs|2|5|3
1222|2|exs|2|6|2
1222|3|loc|1|0|1
1222|4|loc|1|8|1
1222|5|loc|1|25|2
1222|6|pro|1|116|0
1223|1|exs|2|5|3
1223|2|exs|2|6|2
1223|3|loc|1|4|2
1223|4|pro|1|116|0
1224|1|exs|1|5|1
1224|2|exs|1|6|2
1224|3|pro|1|116|0
1225|1|loc|1|0|1
1225|2|loc|1|8|1
1225|3|loc|1|25|2
1225|4|pro|2|116|0
1226|1|loc|1|4|2
1226|2|pro|2|116|0
1227|1|loc|2|25|2
1227|2|pro|2|95|3
1227|3|pro|2|116|2
1227|4|plt|2|2|3
1227|5|plt|2|3|0
1228|1|loc|2|25|2
1228|2|pro|1|116|0
1229|1|loc|2|25|2
1229|2|pro|1|95|4
1229|3|plt|1|2|1
1229|4|plt|1|3|0
1230|1|loc|1|25|0
1233|1|exs|2|5|3
1233|2|exs|2|6|2
1233|3|loc|1|0|1
1233|4|loc|1|8|1
1233|5|loc|1|25|2
1233|6|pro|1|116|0
1234|1|exs|2|5|3
1234|2|exs|2|6|2
1234|3|loc|1|4|2
1234|4|pro|1|116|0
1235|1|exs|1|5|1
1235|2|exs|1|6|2
1235|3|pro|1|116|0
1236|1|loc|1|0|1
1236|2|loc|1|8|1
1236|3|loc|1|25|2
1236|4|pro|2|116|0
1237|1|loc|1|4|2
1237|2|pro|2|116|0
1258|1|nam|2|"UNK"|0
1260|1|nam|2|"UNK"|0
1263|1|nam|2|"UNK"|0
1265|1|nam|2|"UNK"|0
1268|1|nam|2|"UNK"|0
1270|1|nam|2|"UNK"|0
1273|1|nam|2|"UNK"|0
1275|1|nam|2|"UNK"|0
1277|1|nam|2|"UNK"|0
1281|1|nam|2|"UNK"|0
1283|1|nam|2|"UNK"|0
1293|1|nam|2|"UNK"|0
1296|1|hgt|1|-32767|4
1296|2|hgt|6|304|0
1297|1|hgt|4|0|3
1297|2|hgt|3|304|0
1298|1|hgt|2|-32767|0
1299|1|zv2|2|-32767|0
1304|1|hgt|1|-32767|4
1304|2|hgt|6|304|0
1305|1|hgt|4|0|3
1305|2|hgt|3|304|0
1306|1|atn|1|3|2
1306|2|hgt|1|-32767|4
1306|3|atn|1|3|2
1306|4|hgt|6|304|0
1307|1|atn|1|3|2
1307|2|hgt|4|0|3
1307|3|hgt|3|304|0
1308|1|hgt|2|-32767|0
1309|1|zv2|2|-32767|0
1314|1|nam|2|"UNK"|0
1316|1|nam|2|"UNK"|0
1318|1|nam|2|"UNK"|0
1330|1|nam|2|"UNK"|0
1332|1|hgt|1|-32767|4
1332|2|hgt|6|304|0
1333|1|hgt|4|0|3
1333|2|hgt|3|304|0
1334|1|atn|1|3|2
1334|2|hgt|1|-32767|4
1334|3|atn|1|3|2
1334|4|hgt|6|304|0
1335|1|atn|1|3|2
1335|2|hgt|4|0|3
1335|3|hgt|3|304|0
1336|1|hgt|2|-32767|0
1337|1|zv2|2|-32767|0
1340|1|nam|2|"UNK"|0
1341|1|ssc|1|0|1
1341|2|ssc|1|999|0
1342|1|ssc|1|107|0
1343|1|ssc|1|108|0
1344|1|ssc|1|60|0
1345|1|ssc|1|87|0
1353|1|nam|2|"UNK"|0
1355|1|nam|2|"UNK"|0
1358|1|nam|2|"UNK"|0
1360|1|nam|2|"UNK"|0
1362|1|hgt|1|-32767|4
1362|2|hgt|6|304|0
1363|1|hgt|4|0|3
1363|2|hgt|3|304|0
1364|1|atn|1|3|2
1364|2|hgt|1|-32767|4
1364|3|atn|1|3|2
1364|4|hgt|6|304|0
1365|1|atn|1|3|2
1365|2|hgt|4|0|3
1365|3|hgt|3|304|0
1366|1|hgt|2|-32767|0
1367|1|zv2|2|-32767|0
1369|1|nam|2|"UNK"|0
1373|1|nam|2|"UNK"|0
1375|1|nam|2|"UNK"|0
1377|1|nam|2|"UNK"|0
1387|1|nam|2|"UNK"|0
1388|1|hgt|1|-32767|4
1388|2|hgt|6|304|0
1389|1|hgt|4|0|3
1389|2|hgt|3|304|0
1390|1|atn|1|3|2
1390|2|hgt|1|-32767|4
1390|3|atn|1|3|2
1390|4|hgt|6|304|0
1391|1|atn|1|3|2
1391|2|hgt|4|0|3
1391|3|hgt|3|304|0
1392|1|hgt|2|-32767|0
1393|1|zv2|2|-32767|0
1396|1|nam|2|"UNK"|0
1398|1|nam|2|"UNK"|0
1400|1|nam|2|"UNK"|0
1402|1|col|2|"UNK"|0
1403|1|hgt|1|-32767|4
1403|2|hgt|6|304|0
1404|1|hgt|4|0|3
1404|2|hgt|3|304|0
1405|1|atn|1|3|2
1405|2|hgt|1|-32767|4
1405|3|atn|1|3|2
1405|4|hgt|6|304|0
1406|1|atn|1|3|2
1406|2|hgt|4|0|3
1406|3|hgt|3|304|0
1407|1|hgt|2|-32767|0
1408|1|zv2|2|-32767|0
1410|1|nam|2|"UNK"|0
1415|1|slt|2|6|3
1415|2|slt|2|8|0
1416|1|slt|1|6|1
1416|2|slt|1|8|0
1417|1|slt|2|6|3
1417|2|slt|2|8|0
1418|1|slt|1|6|1
1418|2|slt|1|8|0
1419|1|slt|2|6|3
1419|2|slt|2|8|0
1420|1|slt|1|6|1
1420|2|slt|1|8|0
1421|1|acc|1|1|2
1421|2|slt|2|6|3
1421|3|slt|2|8|0
1422|1|acc|1|2|2
1422|2|slt|2|6|3
1422|3|slt|2|8|0
1423|1|slt|1|6|1
1423|2|slt|1|8|0
1426|1|acc|2|1|0
1427|1|acc|1|1|0
1428|1|slt|2|6|3
1428|2|slt|2|8|0
1429|1|slt|1|6|1
1429|2|slt|1|8|0
1441|1|isdm|1|1|0
1450|1|nam|2|"UNK"|0
1452|1|nam|2|"UNK"|0
1456|1|nam|2|"UNK"|0
1460|1|nam|2|"UNK"|0
1464|1|nam|2|"UNK"|0
1468|1|nam|2|"UNK"|0
1472|1|nam|2|"UNK"|0
1475|1|mac|2|12|0
1476|1|mac|1|12|0
1477|1|mac|1|12|2
1477|2|nam|2|"UNK"|0
1482|1|mac|2|12|0
1483|1|mac|1|12|0
1487|1|mac|2|12|0
1488|1|mac|1|12|0
1489|1|mac|1|12|2
1489|2|nam|2|"UNK"|0
1495|1|ber|2|"UNK"|0
1504|1|vrr|1|1|0
1505|1|vrr|1|4|1
1505|2|vrr|1|8|0
1511|1|vrr|1|1|0
1512|1|vrr|1|4|1
1512|2|vrr|1|8|0
1516|1|df1|2|0|2
1516|2|df2|1|0|0
1517|1|df1|1|0|0
1518|1|df2|2|0|2
1518|2|df3|1|0|0
1519|1|df3|2|0|0
1520|1|df3|2|0|0
1521|1|df3|2|0|0
1522|1|df4|2|0|0
1523|1|nam|2|"UNK"|0
1547|1|vrr|1|0|1
1547|2|vrr|1|1|0
1548|1|vrr|1|8|0
1551|1|vrr|1|1|0
1552|1|vrr|1|4|1
1552|2|vrr|1|8|0
1558|1|vrr|1|1|0
1559|1|vrr|1|4|1
1559|2|vrr|1|8|0
1570|1|cha|1|21|0
1571|1|nam|2|"UNK"|0
1578|1|nam|2|"UNK"|0
1600|1|vrr|1|1|0
1601|1|vrr|1|4|1
1601|2|vrr|1|8|0
1605|1|vrr|1|1|0
1606|1|vrr|1|4|1
1606|2|vrr|1|8|0
1619|1|vrr|1|1|0
1620|1|vrr|1|4|1
1620|2|vrr|1|8|0
1625|1|nst|1|10|1
1625|2|nst|1|54|0
1626|1|nst|1|1|1
1626|2|nst|1|4|1
1626|3|nst|1|5|1
1626|4|nst|1|17|1
1626|5|nst|1|41|1
1626|6|nst|1|51|1
1626|7|nst|1|53|0
1627|1|nst|1|45|0
1628|1|ref|1|1|0
1629|1|sst|1|1|1
1629|2|sst|1|2|1
1629|3|sst|1|3|1
1629|4|sst|1|4|1
1629|5|sst|1|6|1
1629|6|sst|1|9|1
1629|7|sst|1|14|1
1629|8|sst|1|15|0
1630|1|tmc|1|0|1
1630|2|tmc|1|32|0
1631|1|tmc|1|1|0
1632|1|tmc|1|15|1
1632|2|tmc|1|27|1
1632|3|tmc|1|28|0
1633|1|tmc|1|16|1
1633|2|tmc|1|21|0
1634|1|tmc|1|17|0
1635|1|tmc|1|18|0
1636|1|tmc|1|19|1
1636|2|tmc|1|31|0
1637|1|tmc|1|2|0
1638|1|tmc|1|22|0
1639|1|tmc|1|23|1
1639|2|tmc|1|30|0
1640|1|tmc|1|25|1
1640|2|tmc|1|26|1
1640|3|tmc|1|29|0
1641|1|tmc|1|3|0
1642|1|tmc|1|6|0
1643|1|tmc|1|8|0
1644|1|tmc|1|9|0
1645|1|ccc|2|0|0
1646|1|nam|2|"UNK"|0
1647|1|sst|2|0|3
1647|2|sst|2|16|0
1673|1|btc|1|0|2
1673|2|ssc|1|0|1
1673|3|ssc|1|85|1
1673|4|ssc|1|999|0
1674|1|btc|1|0|2
1674|2|ssc|1|1|0
1675|1|btc|1|0|2
1675|2|ssc|1|10|0
1676|1|btc|1|0|2
1676|2|ssc|1|16|0
1677|1|btc|1|0|2
1677|2|ssc|1|17|0
1678|1|btc|1|0|2
1678|2|ssc|1|6|0
1679|1|btc|1|0|2
1679|2|ssc|1|7|0
1680|1|btc|1|0|2
1680|2|ssc|1|73|0
1681|1|btc|1|10|0
1682|1|btc|1|35|0
1683|1|btc|1|4|0
1684|1|btc|1|6|0
1685|1|btc|1|7|2
1685|2|ssc|2|1|3
1685|3|ssc|2|7|0
1686|1|btc|1|7|2
1686|2|ssc|1|1|0
1687|1|btc|1|7|2
1687|2|ssc|1|7|0
1688|1|nst|1|10|1
1688|2|nst|1|54|2
1688|3|ssc|2|10|0
1689|1|nst|1|10|1
1689|2|nst|1|54|2
1689|3|ssc|1|10|0
1690|1|nst|1|1|1
1690|2|nst|1|4|1
1690|3|nst|1|5|1
1690|4|nst|1|17|1
1690|5|nst|1|41|1
1690|6|nst|1|51|1
1690|7|nst|1|53|2
1690|8|ssc|2|10|0
1691|1|nst|1|1|1
1691|2|nst|1|4|1
1691|3|nst|1|5|1
1691|4|nst|1|17|1
1691|5|nst|1|41|1
1691|6|nst|1|51|1
1691|7|nst|1|53|2
1691|8|ssc|1|10|0
1692|1|nst|1|45|0
1693|1|ref|1|1|0
1694|1|sst|1|1|1
1694|2|sst|1|2|1
1694|3|sst|1|3|1
1694|4|sst|1|4|1
1694|5|sst|1|6|1
1694|6|sst|1|9|1
1694|7|sst|1|14|1
1694|8|sst|1|15|0
1695|1|tmc|1|0|1
1695|2|tmc|1|17|1
1695|3|tmc|1|18|1
1695|4|tmc|1|32|0
1696|1|tmc|1|1|0
1697|1|tmc|1|15|1
1697|2|tmc|1|27|1
1697|3|tmc|1|28|0
1698|1|tmc|1|16|1
1698|2|tmc|1|21|0
1699|1|tmc|1|19|1
1699|2|tmc|1|31|0
1700|1|tmc|1|2|0
1701|1|tmc|1|22|0
1702|1|tmc|1|23|1
1702|2|tmc|1|30|0
1703|1|tmc|1|25|1
1703|2|tmc|1|26|1
1703|3|tmc|1|29|0
1704|1|tmc|1|3|0
1705|1|tmc|1|6|0
1706|1|tmc|1|8|0
1707|1|tmc|1|9|0
1708|1|col|2|"UNK"|3
1708|2|col|2|NULL|2
1708|3|per|2|0|2
1708|4|eol|2|0|2
1708|5|lvn|2|0|2
1708|6|mlr|1|"UNK"|1
1708|7|mlr|1|NULL|0
1709|1|col|2|"UNK"|3
1709|2|col|2|NULL|2
1709|3|per|2|0|2
1709|4|eol|2|0|2
1709|5|lvn|1|0|2
1709|6|mlr|2|"UNK"|3
1709|7|mlr|2|NULL|0
1710|1|col|2|"UNK"|3
1710|2|col|2|NULL|2
1710|3|per|2|0|2
1710|4|eol|2|0|2
1710|5|lvn|1|0|2
1710|6|mlr|1|"UNK"|1
1710|7|mlr|1|NULL|0
1711|1|col|2|"UNK"|3
1711|2|col|2|NULL|2
1711|3|per|2|0|2
1711|4|eol|1|0|2
1711|5|lvn|2|0|2
1711|6|mlr|2|"UNK"|3
1711|7|mlr|2|NULL|0
1712|1|col|2|"UNK"|3
1712|2|col|2|NULL|2
1712|3|per|2|0|2
1712|4|eol|1|0|2
1712|5|lvn|2|0|2
1712|6|mlr|1|"UNK"|1
1712|7|mlr|1|NULL|0
1713|1|col|2|"UNK"|3
1713|2|col|2|NULL|2
1713|3|per|2|0|2
1713|4|eol|1|0|2
1713|5|lvn|1|0|2
1713|6|mlr|2|"UNK"|3
1713|7|mlr|2|NULL|0
1714|1|col|2|"UNK"|3
1714|2|col|2|NULL|2
1714|3|per|2|0|2
1714|4|eol|1|0|2
1714|5|lvn|1|0|2
1714|6|mlr|1|"UNK"|1
1714|7|mlr|1|NULL|0
1715|1|col|2|"UNK"|3
1715|2|col|2|NULL|2
1715|3|per|2|0|3
1715|4|per|2|NULL|2
1715|5|eol|2|0|3
1715|6|eol|2|NULL|2
1715|7|lvn|2|0|3
1715|8|lvn|2|NULL|2
1715|9|mlr|2|"UNK"|3
1715|10|mlr|2|NULL|0
1716|1|col|2|"UNK"|3
1716|2|col|2|NULL|2
1716|3|per|1|0|2
1716|4|eol|2|0|2
1716|5|lvn|2|0|2
1716|6|mlr|2|"UNK"|3
1716|7|mlr|2|NULL|0
1717|1|col|2|"UNK"|3
1717|2|col|2|NULL|2
1717|3|per|1|0|2
1717|4|eol|2|0|2
1717|5|lvn|2|0|2
1717|6|mlr|1|"UNK"|1
1717|7|mlr|1|NULL|0
1718|1|col|2|"UNK"|3
1718|2|col|2|NULL|2
1718|3|per|1|0|2
1718|4|eol|2|0|2
1718|5|lvn|1|0|2
1718|6|mlr|2|"UNK"|3
1718|7|mlr|2|NULL|0
1719|1|col|2|"UNK"|3
1719|2|col|2|NULL|2
1719|3|per|1|0|2
1719|4|eol|2|0|2
1719|5|lvn|1|0|2
1719|6|mlr|1|"UNK"|1
1719|7|mlr|1|NULL|0
1720|1|col|2|"UNK"|3
1720|2|col|2|NULL|2
1720|3|per|1|0|2
1720|4|eol|1|0|2
1720|5|lvn|2|0|2
1720|6|mlr|2|"UNK"|3
1720|7|mlr|2|NULL|0
1721|1|col|2|"UNK"|3
1721|2|col|2|NULL|2
1721|3|per|1|0|2
1721|4|eol|1|0|2
1721|5|lvn|2|0|2
1721|6|mlr|1|"UNK"|1
1721|7|mlr|1|NULL|0
1722|1|col|2|"UNK"|3
1722|2|col|2|NULL|2
1722|3|per|1|0|2
1722|4|eol|1|0|2
1722|5|lvn|1|0|2
1722|6|mlr|2|"UNK"|3
1722|7|mlr|2|NULL|0
1723|1|col|2|"UNK"|3
1723|2|col|2|NULL|2
1723|3|per|1|0|2
1723|4|eol|1|0|2
1723|5|lvn|1|0|2
1723|6|mlr|1|"UNK"|1
1723|7|mlr|1|NULL|0
1724|1|col|1|"UNK"|2
1724|2|per|2|0|2
1724|3|eol|2|0|2
1724|4|lvn|2|0|2
1724|5|mlr|2|"UNK"|3
1724|6|mlr|2|NULL|0
1725|1|col|1|"UNK"|2
1725|2|per|2|0|2
1725|3|eol|2|0|2
1725|4|lvn|2|0|2
1725|5|mlr|1|"UNK"|1
1725|6|mlr|1|NULL|0
1726|1|col|1|"UNK"|2
1726|2|per|2|0|2
1726|3|eol|2|0|2
1726|4|lvn|1|0|2
1726|5|mlr|2|"UNK"|3
1726|6|mlr|2|NULL|0
1727|1|col|1|"UNK"|2
1727|2|per|2|0|2
1727|3|eol|2|0|2
1727|4|lvn|1|0|2
1727|5|mlr|1|"UNK"|1
1727|6|mlr|1|NULL|0
1728|1|col|1|"UNK"|2
1728|2|per|2|0|2
1728|3|eol|1|0|2
1728|4|lvn|2|0|2
1728|5|mlr|2|"UNK"|3
1728|6|mlr|2|NULL|0
1729|1|col|1|"UNK"|2
1729|2|per|2|0|2
1729|3|eol|1|0|2
1729|4|lvn|2|0|2
1729|5|mlr|1|"UNK"|1
1729|6|mlr|1|NULL|0
1730|1|col|1|"UNK"|2
1730|2|per|2|0|2
1730|3|eol|1|0|2
1730|4|lvn|1|0|2
1730|5|mlr|2|"UNK"|3
1730|6|mlr|2|NULL|0
1731|1|col|1|"UNK"|2
1731|2|per|2|0|2
1731|3|eol|1|0|2
1731|4|lvn|1|0|2
1731|5|mlr|1|"UNK"|1
1731|6|mlr|1|NULL|0
1732|1|col|1|"UNK"|2
1732|2|per|1|0|2
1732|3|eol|2|0|2
1732|4|lvn|2|0|2
1732|5|mlr|2|"UNK"|3
1732|6|mlr|2|NULL|0
1733|1|col|1|"UNK"|2
1733|2|per|1|0|2
1733|3|eol|2|0|2
1733|4|lvn|2|0|2
1733|5|mlr|1|"UNK"|1
1733|6|mlr|1|NULL|0
1734|1|col|1|"UNK"|2
1734|2|per|1|0|2
1734|3|eol|2|0|2
1734|4|lvn|1|0|2
1734|5|mlr|2|"UNK"|3
1734|6|mlr|2|NULL|0
1735|1|col|1|"UNK"|2
1735|2|per|1|0|2
1735|3|eol|2|0|2
1735|4|lvn|1|0|2
1735|5|mlr|1|"UNK"|1
1735|6|mlr|1|NULL|0
1736|1|col|1|"UNK"|2
1736|2|per|1|0|2
1736|3|eol|1|0|2
1736|4|lvn|2|0|2
1736|5|mlr|2|"UNK"|3
1736|6|mlr|2|NULL|0
1737|1|col|1|"UNK"|2
1737|2|per|1|0|2
1737|3|eol|1|0|2
1737|4|lvn|2|0|2
1737|5|mlr|1|"UNK"|1
1737|6|mlr|1|NULL|0
1738|1|col|1|"UNK"|2
1738|2|per|1|0|2
1738|3|eol|1|0|2
1738|4|lvn|1|0|2
1738|5|mlr|2|"UNK"|3
1738|6|mlr|2|NULL|0
1739|1|ccc|2|0|0
1740|1|nam|2|"UNK"|0
1741|1|sst|2|0|3
1741|2|sst|2|16|0
1814|1|nst|1|10|1
1814|2|nst|1|54|0
1815|1|nst|1|1|1
1815|2|nst|1|4|1
1815|3|nst|1|5|1
1815|4|nst|1|17|1
1815|5|nst|1|41|1
1815|6|nst|1|51|1
1815|7|nst|1|53|0
1816|1|nst|1|45|0
1817|1|ref|1|1|0
1818|1|sst|1|1|1
1818|2|sst|1|2|1
1818|3|sst|1|3|1
1818|4|sst|1|4|1
1818|5|sst|1|6|1
1818|6|sst|1|9|1
1818|7|sst|1|14|1
1818|8|sst|1|15|0
1819|1|tmc|1|0|1
1819|2|tmc|1|32|0
1820|1|tmc|1|1|0
1821|1|tmc|1|15|1
1821|2|tmc|1|27|1
1821|3|tmc|1|28|0
1822|1|tmc|1|16|1
1822|2|tmc|1|21|0
1823|1|tmc|1|17|0
1824|1|tmc|1|18|0
1825|1|tmc|1|19|1
1825|2|tmc|1|31|0
1826|1|tmc|1|2|0
1827|1|tmc|1|22|0
1828|1|tmc|1|23|1
1828|2|tmc|1|30|0
1829|1|tmc|1|25|1
1829|2|tmc|1|26|1
1829|3|tmc|1|29|0
1830|1|tmc|1|3|0
1831|1|tmc|1|6|0
1832|1|tmc|1|8|0
1833|1|tmc|1|9|0
1834|1|col|2|"UNK"|3
1834|2|col|2|NULL|2
1834|3|per|2|0|2
1834|4|eol|2|0|2
1834|5|lvn|2|0|2
1834|6|mlr|1|"UNK"|1
1834|7|mlr|1|NULL|0
1835|1|col|2|"UNK"|3
1835|2|col|2|NULL|2
1835|3|per|2|0|2
1835|4|eol|2|0|2
1835|5|lvn|1|0|2
1835|6|mlr|2|"UNK"|3
1835|7|mlr|2|NULL|0
1836|1|col|2|"UNK"|3
1836|2|col|2|NULL|2
1836|3|per|2|0|2
1836|4|eol|2|0|2
1836|5|lvn|1|0|2
1836|6|mlr|1|"UNK"|1
1836|7|mlr|1|NULL|0
1837|1|col|2|"UNK"|3
1837|2|col|2|NULL|2
1837|3|per|2|0|2
1837|4|eol|1|0|2
1837|5|lvn|2|0|2
1837|6|mlr|2|"UNK"|3
1837|7|mlr|2|NULL|0
1838|1|col|2|"UNK"|3
1838|2|col|2|NULL|2
1838|3|per|2|0|2
1838|4|eol|1|0|2
1838|5|lvn|2|0|2
1838|6|mlr|1|"UNK"|1
1838|7|mlr|1|NULL|0
1839|1|col|2|"UNK"|3
1839|2|col|2|NULL|2
1839|3|per|2|0|2
1839|4|eol|1|0|2
1839|5|lvn|1|0|2
1839|6|mlr|2|"UNK"|3
1839|7|mlr|2|NULL|0
1840|1|col|2|"UNK"|3
1840|2|col|2|NULL|2
1840|3|per|2|0|2
1840|4|eol|1|0|2
1840|5|lvn|1|0|2
1840|6|mlr|1|"UNK"|1
1840|7|mlr|1|NULL|0
1841|1|col|2|"UNK"|3
1841|2|col|2|NULL|2
1841|3|per|2|0|3
1841|4|per|2|NULL|2
1841|5|eol|2|0|3
1841|6|eol|2|NULL|2
1841|7|lvn|2|0|3
1841|8|lvn|2|NULL|2
1841|9|mlr|2|"UNK"|3
1841|10|mlr|2|NULL|0
1842|1|col|2|"UNK"|3
1842|2|col|2|NULL|2
1842|3|per|1|0|2
1842|4|eol|2|0|2
1842|5|lvn|2|0|2
1842|6|mlr|2|"UNK"|3
1842|7|mlr|2|NULL|0
1843|1|col|2|"UNK"|3
1843|2|col|2|NULL|2
1843|3|per|1|0|2
1843|4|eol|2|0|2
1843|5|lvn|2|0|2
1843|6|mlr|1|"UNK"|1
1843|7|mlr|1|NULL|0
1844|1|col|2|"UNK"|3
1844|2|col|2|NULL|2
1844|3|per|1|0|2
1844|4|eol|2|0|2
1844|5|lvn|1|0|2
1844|6|mlr|2|"UNK"|3
1844|7|mlr|2|NULL|0
1845|1|col|2|"UNK"|3
1845|2|col|2|NULL|2
1845|3|per|1|0|2
1845|4|eol|2|0|2
1845|5|lvn|1|0|2
1845|6|mlr|1|"UNK"|1
1845|7|mlr|1|NULL|0
1846|1|col|2|"UNK"|3
1846|2|col|2|NULL|2
1846|3|per|1|0|2
1846|4|eol|1|0|2
1846|5|lvn|2|0|2
1846|6|mlr|2|"UNK"|3
1846|7|mlr|2|NULL|0
1847|1|col|2|"UNK"|3
1847|2|col|2|NULL|2
1847|3|per|1|0|2
1847|4|eol|1|0|2
1847|5|lvn|2|0|2
1847|6|mlr|1|"UNK"|1
1847|7|mlr|1|NULL|0
1848|1|col|2|"UNK"|3
1848|2|col|2|NULL|2
1848|3|per|1|0|2
1848|4|eol|1|0|2
1848|5|lvn|1|0|2
1848|6|mlr|2|"UNK"|3
1848|7|mlr|2|NULL|0
1849|1|col|2|"UNK"|3
1849|2|col|2|NULL|2
1849|3|per|1|0|2
1849|4|eol|1|0|2
1849|5|lvn|1|0|2
1849|6|mlr|1|"UNK"|1
1849|7|mlr|1|NULL|0
1850|1|col|1|"UNK"|2
1850|2|per|2|0|2
1850|3|eol|2|0|2
1850|4|lvn|2|0|2
1850|5|mlr|2|"UNK"|3
1850|6|mlr|2|NULL|0
1851|1|col|1|"UNK"|2
1851|2|per|2|0|2
1851|3|eol|2|0|2
1851|4|lvn|2|0|2
1851|5|mlr|1|"UNK"|1
1851|6|mlr|1|NULL|0
1852|1|col|1|"UNK"|2
1852|2|per|2|0|2
1852|3|eol|2|0|2
1852|4|lvn|1|0|2
1852|5|mlr|2|"UNK"|3
1852|6|mlr|2|NULL|0
1853|1|col|1|"UNK"|2
1853|2|per|2|0|2
1853|3|eol|2|0|2
1853|4|lvn|1|0|2
1853|5|mlr|1|"UNK"|1
1853|6|mlr|1|NULL|0
1854|1|col|1|"UNK"|2
1854|2|per|2|0|2
1854|3|eol|1|0|2
1854|4|lvn|2|0|2
1854|5|mlr|2|"UNK"|3
1854|6|mlr|2|NULL|0
1855|1|col|1|"UNK"|2
1855|2|per|2|0|2
1855|3|eol|1|0|2
1855|4|lvn|2|0|2
1855|5|mlr|1|"UNK"|1
1855|6|mlr|1|NULL|0
1856|1|col|1|"UNK"|2
1856|2|per|2|0|2
1856|3|eol|1|0|2
1856|4|lvn|1|0|2
1856|5|mlr|2|"UNK"|3
1856|6|mlr|2|NULL|0
1857|1|col|1|"UNK"|2
1857|2|per|2|0|2
1857|3|eol|1|0|2
1857|4|lvn|1|0|2
1857|5|mlr|1|"UNK"|1
1857|6|mlr|1|NULL|0
1858|1|col|1|"UNK"|2
1858|2|per|1|0|2
1858|3|eol|2|0|2
1858|4|lvn|2|0|2
1858|5|mlr|2|"UNK"|3
1858|6|mlr|2|NULL|0
1859|1|col|1|"UNK"|2
1859|2|per|1|0|2
1859|3|eol|2|0|2
1859|4|lvn|2|0|2
1859|5|mlr|1|"UNK"|1
1859|6|mlr|1|NULL|0
1860|1|col|1|"UNK"|2
1860|2|per|1|0|2
1860|3|eol|2|0|2
1860|4|lvn|1|0|2
1860|5|mlr|2|"UNK"|3
1860|6|mlr|2|NULL|0
1861|1|col|1|"UNK"|2
1861|2|per|1|0|2
1861|3|eol|2|0|2
1861|4|lvn|1|0|2
1861|5|mlr|1|"UNK"|1
1861|6|mlr|1|NULL|0
1862|1|col|1|"UNK"|2
1862|2|per|1|0|2
1862|3|eol|1|0|2
1862|4|lvn|2|0|2
1862|5|mlr|2|"UNK"|3
1862|6|mlr|2|NULL|0
1863|1|col|1|"UNK"|2
1863|2|per|1|0|2
1863|3|eol|1|0|2
1863|4|lvn|2|0|2
1863|5|mlr|1|"UNK"|1
1863|6|mlr|1|NULL|0
1864|1|col|1|"UNK"|2
1864|2|per|1|0|2
1864|3|eol|1|0|2
1864|4|lvn|1|0|2
1864|5|mlr|2|"UNK"|3
1864|6|mlr|2|NULL|0
1865|1|ccc|2|0|0
1866|1|nam|2|"UNK"|0
1867|1|sst|2|0|3
1867|2|sst|2|16|0
1868|1|hgt|1|-32767|4
1868|2|hgt|6|304|0
1869|1|hgt|4|0|3
1869|2|hgt|3|304|0
1870|1|atn|1|3|2
1870|2|hgt|1|-32767|4
1870|3|atn|1|3|2
1870|4|hgt|6|304|0
1871|1|atn|1|3|2
1871|2|hgt|4|0|3
1871|3|hgt|3|304|0
1872|1|hgt|2|-32767|0
1873|1|zv2|2|-32767|0
1936|1|nam|2|"UNK"|0
1937|1|hgt|1|-32767|4
1937|2|hgt|6|304|0
1938|1|hgt|4|0|3
1938|2|hgt|3|304|0
1939|1|hgt|1|-32767|4
1939|2|hgt|6|304|0
1940|1|hgt|4|0|3
1940|2|hgt|3|304|0
1941|1|hgt|2|-32767|0
1942|1|zv2|2|-32767|0
1948|1|nst|1|10|1
1948|2|nst|1|54|0
1949|1|nst|1|1|1
1949|2|nst|1|4|1
1949|3|nst|1|5|1
1949|4|nst|1|17|1
1949|5|nst|1|41|1
1949|6|nst|1|51|1
1949|7|nst|1|53|0
1950|1|nst|1|45|0
1951|1|ref|1|1|0
1952|1|sst|1|1|1
1952|2|sst|1|2|1
1952|3|sst|1|3|1
1952|4|sst|1|4|1
1952|5|sst|1|6|1
1952|6|sst|1|9|1
1952|7|sst|1|14|1
1952|8|sst|1|15|0
1953|1|col|2|"UNK"|3
1953|2|col|2|NULL|2
1953|3|per|2|0|2
1953|4|eol|2|0|2
1953|5|lvn|2|0|2
1953|6|mlr|1|"UNK"|1
1953|7|mlr|1|NULL|0
1954|1|col|2|"UNK"|3
1954|2|col|2|NULL|2
1954|3|per|2|0|2
1954|4|eol|2|0|2
1954|5|lvn|1|0|2
1954|6|mlr|2|"UNK"|3
1954|7|mlr|2|NULL|0
1955|1|col|2|"UNK"|3
1955|2|col|2|NULL|2
1955|3|per|2|0|2
1955|4|eol|2|0|2
1955|5|lvn|1|0|2
1955|6|mlr|1|"UNK"|1
1955|7|mlr|1|NULL|0
1956|1|col|2|"UNK"|3
1956|2|col|2|NULL|2
1956|3|per|2|0|2
1956|4|eol|1|0|2
1956|5|lvn|2|0|2
1956|6|mlr|2|"UNK"|3
1956|7|mlr|2|NULL|0
1957|1|col|2|"UNK"|3
1957|2|col|2|NULL|2
1957|3|per|2|0|2
1957|4|eol|1|0|2
1957|5|lvn|2|0|2
1957|6|mlr|1|"UNK"|1
1957|7|mlr|1|NULL|0
1958|1|col|2|"UNK"|3
1958|2|col|2|NULL|2
1958|3|per|2|0|2
1958|4|eol|1|0|2
1958|5|lvn|1|0|2
1958|6|mlr|2|"UNK"|3
1958|7|mlr|2|NULL|0
1959|1|col|2|"UNK"|3
1959|2|col|2|NULL|2
1959|3|per|2|0|2
1959|4|eol|1|0|2
1959|5|lvn|1|0|2
1959|6|mlr|1|"UNK"|1
1959|7|mlr|1|NULL|0
1960|1|col|2|"UNK"|3
1960|2|col|2|NULL|2
1960|3|per|2|0|3
1960|4|per|2|NULL|2
1960|5|eol|2|0|3
1960|6|eol|2|NULL|2
1960|7|lvn|2|0|3
1960|8|lvn|2|NULL|2
1960|9|mlr|2|"UNK"|3
1960|10|mlr|2|NULL|0
1961|1|col|2|"UNK"|3
1961|2|col|2|NULL|2
1961|3|per|1|0|2
1961|4|eol|2|0|2
1961|5|lvn|2|0|2
1961|6|mlr|2|"UNK"|3
1961|7|mlr|2|NULL|0
1962|1|col|2|"UNK"|3
1962|2|col|2|NULL|2
1962|3|per|1|0|2
1962|4|eol|2|0|2
1962|5|lvn|2|0|2
1962|6|mlr|1|"UNK"|1
1962|7|mlr|1|NULL|0
1963|1|col|2|"UNK"|3
1963|2|col|2|NULL|2
1963|3|per|1|0|2
1963|4|eol|2|0|2
1963|5|lvn|1|0|2
1963|6|mlr|2|"UNK"|3
1963|7|mlr|2|NULL|0
1964|1|col|2|"UNK"|3
1964|2|col|2|NULL|2
1964|3|per|1|0|2
1964|4|eol|2|0|2
1964|5|lvn|1|0|2
1964|6|mlr|1|"UNK"|1
1964|7|mlr|1|NULL|0
1965|1|col|2|"UNK"|3
1965|2|col|2|NULL|2
1965|3|per|1|0|2
1965|4|eol|1|0|2
1965|5|lvn|2|0|2
1965|6|mlr|2|"UNK"|3
1965|7|mlr|2|NULL|0
1966|1|col|2|"UNK"|3
1966|2|col|2|NULL|2
1966|3|per|1|0|2
1966|4|eol|1|0|2
1966|5|lvn|2|0|2
1966|6|mlr|1|"UNK"|1
1966|7|mlr|1|NULL|0
1967|1|col|2|"UNK"|3
1967|2|col|2|NULL|2
1967|3|per|1|0|2
1967|4|eol|1|0|2
1967|5|lvn|1|0|2
1967|6|mlr|2|"UNK"|3
1967|7|mlr|2|NULL|0
1968|1|col|2|"UNK"|3
1968|2|col|2|NULL|2
1968|3|per|1|0|2
1968|4|eol|1|0|2
1968|5|lvn|1|0|2
1968|6|mlr|1|"UNK"|1
1968|7|mlr|1|NULL|0
1969|1|col|1|"UNK"|2
1969|2|per|2|0|2
1969|3|eol|2|0|2
1969|4|lvn|2|0|2
1969|5|mlr|2|"UNK"|3
1969|6|mlr|2|NULL|0
1970|1|col|1|"UNK"|2
1970|2|per|2|0|2
1970|3|eol|2|0|2
1970|4|lvn|2|0|2
1970|5|mlr|1|"UNK"|1
1970|6|mlr|1|NULL|0
1971|1|col|1|"UNK"|2
1971|2|per|2|0|2
1971|3|eol|2|0|2
1971|4|lvn|1|0|2
1971|5|mlr|2|"UNK"|3
1971|6|mlr|2|NULL|0
1972|1|col|1|"UNK"|2
1972|2|per|2|0|2
1972|3|eol|2|0|2
1972|4|lvn|1|0|2
1972|5|mlr|1|"UNK"|1
1972|6|mlr|1|NULL|0
1973|1|col|1|"UNK"|2
1973|2|per|2|0|2
1973|3|eol|1|0|2
1973|4|lvn|2|0|2
1973|5|mlr|2|"UNK"|3
1973|6|mlr|2|NULL|0
1974|1|col|1|"UNK"|2
1974|2|per|2|0|2
1974|3|eol|1|0|2
1974|4|lvn|2|0|2
1974|5|mlr|1|"UNK"|1
1974|6|mlr|1|NULL|0
1975|1|col|1|"UNK"|2
1975|2|per|2|0|2
1975|3|eol|1|0|2
1975|4|lvn|1|0|2
1975|5|mlr|2|"UNK"|3
1975|6|mlr|2|NULL|0
1976|1|col|1|"UNK"|2
1976|2|per|2|0|2
1976|3|eol|1|0|2
1976|4|lvn|1|0|2
1976|5|mlr|1|"UNK"|1
1976|6|mlr|1|NULL|0
1977|1|col|1|"UNK"|2
1977|2|per|1|0|2
1977|3|eol|2|0|2
1977|4|lvn|2|0|2
1977|5|mlr|2|"UNK"|3
1977|6|mlr|2|NULL|0
1978|1|col|1|"UNK"|2
1978|2|per|1|0|2
1978|3|eol|2|0|2
1978|4|lvn|2|0|2
1978|5|mlr|1|"UNK"|1
1978|6|mlr|1|NULL|0
1979|1|col|1|"UNK"|2
1979|2|per|1|0|2
1979|3|eol|2|0|2
1979|4|lvn|1|0|2
1979|5|mlr|2|"UNK"|3
1979|6|mlr|2|NULL|0
1980|1|col|1|"UNK"|2
1980|2|per|1|0|2
1980|3|eol|2|0|2
1980|4|lvn|1|0|2
1980|5|mlr|1|"UNK"|1
1980|6|mlr|1|NULL|0
1981|1|col|1|"UNK"|2
1981|2|per|1|0|2
1981|3|eol|1|0|2
1981|4|lvn|2|0|2
1981|5|mlr|2|"UNK"|3
1981|6|mlr|2|NULL|0
1982|1|col|1|"UNK"|2
1982|2|per|1|0|2
1982|3|eol|1|0|2
1982|4|lvn|2|0|2
1982|5|mlr|1|"UNK"|1
1982|6|mlr|1|NULL|0
1983|1|col|1|"UNK"|2
1983|2|per|1|0|2
1983|3|eol|1|0|2
1983|4|lvn|1|0|2
1983|5|mlr|2|"UNK"|3
1983|6|mlr|2|NULL|0
1984|1|nam|2|"UNK"|0
1985|1|sst|2|0|3
1985|2|sst|2|16|0
1986|1|hgt|1|-32767|4
1986|2|hgt|6|304|0
1987|1|hgt|4|0|3
1987|2|hgt|3|304|0
1988|1|hgt|1|-32767|4
1988|2|hgt|6|304|0
1989|1|hgt|4|0|3
1989|2|hgt|3|304|0
1990|1|hgt|2|-32767|0
1991|1|zv2|2|-32767|0
2037|1|hdp|1|0|0
2038|1|hdp|4|0|3
2038|2|hdp|5|20|0
2039|1|hdp|4|20|0
2040|1|acc|2|1|0
2047|1|hdp|1|0|0
2048|1|hdp|4|0|3
2048|2|hdp|5|20|0
2049|1|hdp|4|20|0
2050|1|acc|2|1|0
2055|1|exs|1|57|0
2056|1|exs|1|58|0
2057|1|nam|2|"UNK"|0
2058|1|exs|1|57|0
2059|1|exs|1|58|0
2060|1|nam|2|"UNK"|0
2061|1|exs|1|57|0
2062|1|exs|1|58|0
2063|1|nam|2|"UNK"|0
2064|1|wkt|2|35|0
2065|1|wkt|1|35|0
2072|1|vrr|1|1|2
2072|2|hdp|1|NULL|0
2073|1|vrr|1|4|2
2073|2|hdp|1|0|0
2074|1|vrr|1|4|2
2074|2|hdp|4|0|3
2074|3|hdp|5|20|0
2075|1|vrr|1|4|2
2075|2|hdp|4|20|0
2076|1|vrr|1|8|2
2076|2|hdp|1|NULL|0
2077|1|acc|2|1|0
2084|1|vrr|1|1|2
2084|2|hdp|1|NULL|0
2085|1|vrr|1|4|2
2085|2|hdp|1|0|0
2086|1|vrr|1|4|2
2086|2|hdp|4|0|3
2086|3|hdp|5|20|0
2087|1|vrr|1|4|2
2087|2|hdp|4|20|0
2088|1|vrr|1|8|2
2088|2|hdp|1|NULL|0
2089|1|acc|2|1|0
2097|1|acc|2|1|0
2101|1|acc|2|1|0
2125|1|vrr|1|1|0
2126|1|vrr|1|4|0
2127|1|vrr|1|8|0
2128|1|acc|2|1|0
2135|1|nst|1|10|1
2135|2|nst|1|54|0
2136|1|cha|1|21|0
2137|1|sst|2|16|0
2138|1|nam|2|"UNK"|0
2139|1|sst|2|0|3
2139|2|sst|2|16|0
2140|1|hgt|1|-32767|4
2140|2|hgt|6|304|0
2141|1|hgt|4|0|3
2141|2|hgt|3|304|0
2142|1|atn|1|3|2
2142|2|hgt|1|-32767|4
2142|3|atn|1|3|2
2142|4|hgt|6|304|0
2143|1|atn|1|3|2
2143|2|hgt|4|0|3
2143|3|hgt|3|304|0
2144|1|hgt|2|-32767|0
2145|1|zv2|2|-32767|0
2156|1|nam|2|"UNK"|0
2160|1|nam|2|"UNK"|0
2162|1|vrr|1|4|2
2162|2|hdp|4|0|3
2162|3|hdp|5|20|0
2163|1|vrr|1|4|2
2163|2|hdp|4|20|0
2164|1|vrr|2|8|2
2164|2|hdp|1|0|1
2164|3|hdp|1|NULL|0
2165|1|vrr|2|8|2
2165|2|acc|2|1|0
2166|1|vrr|1|8|0
2167|1|vrr|1|8|2
2167|2|isdm|1|1|0
2174|1|vrr|1|0|1
2174|2|vrr|1|8|0
2175|1|vrr|1|2|0
2176|1|nam|2|"UNK"|0
2177|1|vrr|1|0|1
2177|2|vrr|1|8|0
2178|1|vrr|1|2|0
2179|1|nam|2|"UNK"|0
2180|1|hdp|1|NULL|0
2181|1|vrr|1|4|2
2181|2|hdp|1|0|0
2182|1|vrr|1|4|2
2182|2|hdp|4|0|3
2182|3|hdp|5|20|0
2183|1|vrr|1|4|2
2183|2|hdp|4|20|0
2184|1|acc|2|1|0
2185|1|vrr|1|0|1
2185|2|vrr|1|8|0
2186|1|vrr|1|2|0
2187|1|nam|2|"UNK"|0
2191|1|vrr|1|1|2
2191|2|hdp|1|NULL|0
2192|1|vrr|1|4|2
2192|2|hdp|1|0|0
2193|1|vrr|1|4|2
2193|2|hdp|4|0|3
2193|3|hdp|5|20|0
2194|1|vrr|1|4|2
2194|2|hdp|4|20|0
2195|1|vrr|1|8|2
2195|2|hdp|1|NULL|0
2196|1|acc|2|1|0
2203|1|vrr|1|1|0
2204|1|vrr|1|4|0
2205|1|vrr|1|8|0
2206|1|acc|2|1|0
2214|1|vrr|1|4|2
2214|2|hdp|4|0|3
2214|3|hdp|5|20|0
2215|1|vrr|1|4|2
2215|2|hdp|4|20|0
2216|1|vrr|1|4|2
2216|2|soh|1|1|2
2216|3|hdp|1|0|0
2217|1|vrr|1|4|2
2217|2|soh|1|2|2
2217|3|hdp|1|0|0
2218|1|loc|2|4|2
2218|2|hdp|1|NULL|0
2219|1|hdp|1|NULL|2
2219|2|vrr|1|0|0
2220|1|hdp|1|NULL|2
2220|2|vrr|1|1|1
2220|3|vrr|1|2|1
2220|4|vrr|1|8|0
2221|1|acc|2|1|0
2222|1|exs|1|57|0
2223|1|exs|1|58|0
2224|1|nam|2|"UNK"|0
2225|1|exs|1|57|0
2226|1|exs|1|58|0
2227|1|nam|2|"UNK"|0
2228|1|exs|1|57|0
2229|1|exs|1|58|0
2230|1|nam|2|"UNK"|0
2240|1|vrr|1|0|1
2240|2|vrr|1|2|2
2240|3|hdp|1|NULL|0
2241|1|vrr|1|1|2
2241|2|hdp|1|NULL|0
2242|1|vrr|1|4|2
2242|2|hdp|1|0|0
2243|1|vrr|1|4|2
2243|2|hdp|4|0|3
2243|3|hdp|5|20|0
2244|1|vrr|1|4|2
2244|2|hdp|4|20|0
2245|1|vrr|1|8|2
2245|2|hdp|1|NULL|0
2251|1|acc|1|1|0
2252|1|acc|1|2|0
2253|1|crv|2|99999|0
2257|1|idsm|1|0|2
2257|2|cvl|6|msdc|3
2257|3|cvl|2|99999|0
2258|1|idsm|1|0|2
2258|2|cvl|6|ssdc|3
2258|3|cvl|3|msdc|0
2259|1|idsm|1|0|2
2259|2|isdm|1|0|2
2259|3|cvl|3|mssc|0
2260|1|idsm|1|0|2
2260|2|isdm|1|0|2
2260|3|cvl|6|mssc|3
2260|4|cvl|3|ssdc|0
2261|1|idsm|1|1|2
2261|2|cvl|6|ssdc|3
2261|3|cvl|2|99999|0
2262|1|idsm|1|1|2
2262|2|isdm|1|0|2
2262|3|cvl|3|ssdc|0
2263|1|cvl|1|99999|0
2264|1|cvl|1|99999|0
2265|1|cvl|1|99999|0
2266|1|idsm|1|0|2
2266|2|isdm|1|1|2
2266|3|cvl|3|mssc|0
2267|1|idsm|1|0|2
2267|2|isdm|1|1|2
2267|3|cvl|3|mssc|0
2268|1|idsm|1|0|2
2268|2|isdm|1|1|2
2268|3|cvl|6|mssc|3
2268|4|cvl|3|ssdc|0
2269|1|idsm|1|0|2
2269|2|isdm|1|1|2
2269|3|cvl|6|mssc|3
2269|4|cvl|3|ssdc|0
2270|1|idsm|1|1|2
2270|2|isdm|1|1|2
2270|3|cvl|3|ssdc|0
2271|1|idsm|1|1|2
2271|2|isdm|1|1|2
2271|3|cvl|3|ssdc|0
2292|1|acc|1|1|0
2293|1|acc|1|2|0
2294|1|crv|2|-32767|0
2295|1|acc|1|1|0
2296|1|acc|1|2|0
2297|1|crv|2|-32767|0
2298|1|acc|1|1|0
2299|1|acc|1|2|0
2300|1|crv|2|-32767|0
2301|1|acc|2|1|2
2301|2|hqc|2|1|0
2302|1|acc|2|1|2
2302|2|hqc|1|1|0
2303|1|acc|1|1|2
2303|2|hqc|2|1|0
2304|1|acc|1|1|2
2304|2|hqc|1|1|0
2306|1|idsm|1|0|2
2306|2|cvl|6|msdc|3
2306|3|cvl|2|-32767|0
2307|1|idsm|1|0|2
2307|2|cvl|6|ssdc|3
2307|3|cvl|3|msdc|0
2308|1|idsm|1|0|2
2308|2|isdm|1|0|2
2308|3|cvl|3|mssc|0
2309|1|idsm|1|0|2
2309|2|isdm|1|0|2
2309|3|cvl|6|mssc|3
2309|4|cvl|3|ssdc|0
2310|1|idsm|1|1|2
2310|2|cvl|6|ssdc|3
2310|3|cvl|2|-32767|0
2311|1|idsm|1|1|2
2311|2|isdm|1|0|2
2311|3|cvl|3|ssdc|0
2312|1|cvl|1|-32767|0
2313|1|cvl|1|-32767|0
2314|1|cvl|1|-32767|0
2315|1|idsm|1|0|2
2315|2|isdm|1|1|2
2315|3|cvl|3|mssc|0
2316|1|idsm|1|0|2
2316|2|isdm|1|1|2
2316|3|cvl|3|mssc|0
2317|1|idsm|1|0|2
2317|2|isdm|1|1|2
2317|3|cvl|6|mssc|3
2317|4|cvl|3|ssdc|0
2318|1|idsm|1|0|2
2318|2|isdm|1|1|2
2318|3|cvl|6|mssc|3
2318|4|cvl|3|ssdc|0
2319|1|idsm|1|1|2
2319|2|isdm|1|1|2
2319|3|cvl|3|ssdc|0
2320|1|idsm|1|1|2
2320|2|isdm|1|1|2
2320|3|cvl|3|ssdc|0
2321|1|idsm|1|0|2
2321|2|cvl|6|msdc|3
2321|3|cvl|2|-32767|0
2322|1|idsm|1|0|2
2322|2|cvl|6|ssdc|3
2322|3|cvl|3|msdc|0
2323|1|idsm|1|0|2
2323|2|isdm|1|0|2
2323|3|cvl|3|mssc|0
2324|1|idsm|1|0|2
2324|2|isdm|1|0|2
2324|3|cvl|6|mssc|3
2324|4|cvl|3|ssdc|0
2325|1|idsm|1|1|2
2325|2|cvl|6|ssdc|3
2325|3|cvl|2|-32767|0
2326|1|idsm|1|1|2
2326|2|isdm|1|0|2
2326|3|cvl|3|ssdc|0
2327|1|cvl|1|-32767|0
2328|1|cvl|1|-32767|0
2329|1|cvl|1|-32767|0
2330|1|idsm|1|0|2
2330|2|isdm|1|1|2
2330|3|cvl|3|mssc|0
2331|1|idsm|1|0|2
2331|2|isdm|1|1|2
2331|3|cvl|3|mssc|0
2332|1|idsm|1|0|2
2332|2|isdm|1|1|2
2332|3|cvl|6|mssc|3
2332|4|cvl|3|ssdc|0
2333|1|idsm|1|0|2
2333|2|isdm|1|1|2
2333|3|cvl|6|mssc|3
2333|4|cvl|3|ssdc|0
2334|1|idsm|1|1|2
2334|2|isdm|1|1|2
2334|3|cvl|3|ssdc|0
2335|1|idsm|1|1|2
2335|2|isdm|1|1|2
2335|3|cvl|3|ssdc|0
2336|1|idsm|1|0|2
2336|2|cvl|6|msdc|3
2336|3|cvl|2|-32767|0
2337|1|idsm|1|0|2
2337|2|cvl|6|ssdc|3
2337|3|cvl|3|msdc|0
2338|1|idsm|1|0|2
2338|2|isdm|1|0|2
2338|3|cvl|3|mssc|0
2339|1|idsm|1|0|2
2339|2|isdm|1|0|2
2339|3|cvl|6|mssc|3
2339|4|cvl|3|ssdc|0
2340|1|idsm|1|1|2
2340|2|cvl|6|ssdc|3
2340|3|cvl|2|-32767|0
2341|1|idsm|1|1|2
2341|2|isdm|1|0|2
2341|3|cvl|3|ssdc|0
2342|1|cvl|1|-32767|0
2343|1|cvl|1|-32767|0
2344|1|cvl|1|-32767|0
2345|1|idsm|1|0|2
2345|2|isdm|1|1|2
2345|3|cvl|3|mssc|0
2346|1|idsm|1|0|2
2346|2|isdm|1|1|2
2346|3|cvl|3|mssc|0
2347|1|idsm|1|0|2
2347|2|isdm|1|1|2
2347|3|cvl|6|mssc|3
2347|4|cvl|3|ssdc|0
2348|1|idsm|1|0|2
2348|2|isdm|1|1|2
2348|3|cvl|6|mssc|3
2348|4|cvl|3|ssdc|0
2349|1|idsm|1|1|2
2349|2|isdm|1|1|2
2349|3|cvl|3|ssdc|0
2350|1|idsm|1|1|2
2350|2|isdm|1|1|2
2350|3|cvl|3|ssdc|0
2351|1|idsm|1|0|2
2351|2|cvl|6|msdc|3
2351|3|cvl|2|-32767|0
2352|1|idsm|1|0|2
2352|2|cvl|6|ssdc|3
2352|3|cvl|3|msdc|0
2353|1|idsm|1|0|2
2353|2|isdm|1|0|2
2353|3|cvl|3|mssc|0
2354|1|idsm|1|0|2
2354|2|isdm|1|0|2
2354|3|cvl|6|mssc|3
2354|4|cvl|3|ssdc|0
2355|1|idsm|1|1|2
2355|2|cvl|6|ssdc|3
2355|3|cvl|2|-32767|0
2356|1|idsm|1|1|2
2356|2|isdm|1|0|2
2356|3|cvl|3|ssdc|0
2357|1|cvl|1|-32767|0
2358|1|cvl|1|-32767|0
2359|1|cvl|1|-32767|0
2360|1|idsm|1|0|2
2360|2|isdm|1|1|2
2360|3|cvl|3|mssc|0
2361|1|idsm|1|0|2
2361|2|isdm|1|1|2
2361|3|cvl|3|mssc|0
2362|1|idsm|1|0|2
2362|2|isdm|1|1|2
2362|3|cvl|6|mssc|3
2362|4|cvl|3|ssdc|0
2363|1|idsm|1|0|2
2363|2|isdm|1|1|2
2363|3|cvl|6|mssc|3
2363|4|cvl|3|ssdc|0
2364|1|idsm|1|1|2
2364|2|isdm|1|1|2
2364|3|cvl|3|ssdc|0
2365|1|idsm|1|1|2
2365|2|isdm|1|1|2
2365|3|cvl|3|ssdc|0
2366|1|hdh|6|0|2
2366|2|hdp|1|NULL|0
2367|1|hdp|5|ssdc|2
2367|2|hdh|1|NULL|0
2368|1|hdp|4|ssdc|2
2368|2|hdh|1|NULL|0
2369|1|hdh|6|0|2
2369|2|hdp|1|NULL|0
2370|1|acc|2|1|0
2371|1|hdp|3|200|0
2372|1|hdp|6|200|0
2373|1|acc|2|1|0
2374|1|hdp|3|200|0
2375|1|hdp|6|200|0
2376|1|acc|2|1|0
2377|1|hdp|3|200|0
2378|1|hdp|6|200|0
2379|1|acc|2|1|0
2380|1|hdp|3|123|0
2381|1|hdp|6|123|0
2382|1|acc|2|1|0
2396|1|mcc|2|0|2
2396|2|psc|1|0|0
2397|1|mcc|1|0|2
2397|2|psc|1|0|0
2398|1|psc|2|0|2
2398|2|mcc|2|0|0
2399|1|psc|2|0|2
2399|2|mcc|1|0|0
2405|1|nam|2|"UNK"|0
2407|1|cur|1|0|4
2407|2|dof|1|0|0
2408|1|cur|1|1|2
2408|2|dof|2|0|0
2409|1|cur|1|2|2
2409|2|dof|2|0|0
2410|1|cur|1|3|1
2410|2|cur|1|5|2
2410|3|dof|2|0|0
2411|1|cur|1|0|4
2411|2|dof|1|0|0
2412|1|cur|1|5|2
2412|2|dof|2|0|0
2413|1|nam|2|"UNK"|0
2429|1|nam|2|"UNK"|0
2430|1|hgt|1|-32767|4
2430|2|hgt|6|304|0
2431|1|hgt|4|0|3
2431|2|hgt|3|304|0
2432|1|atn|1|3|2
2432|2|hgt|1|-32767|4
2432|3|atn|1|3|2
2432|4|hgt|6|304|0
2433|1|atn|1|3|2
2433|2|hgt|4|0|3
2433|3|hgt|3|304|0
2434|1|hgt|2|-32767|0
2435|1|zv2|2|-32767|0
2436|1|exs|2|5|3
2436|2|exs|2|6|2
2436|3|loc|1|0|1
2436|4|loc|1|8|1
2436|5|loc|1|25|0
2437|1|exs|2|5|3
2437|2|exs|2|6|2
2437|3|loc|1|4|0
2438|1|exs|1|5|1
2438|2|exs|1|6|0
2439|1|exs|2|5|3
2439|2|exs|2|6|2
2439|3|loc|1|0|1
2439|4|loc|1|8|1
2439|5|loc|1|25|0
2440|1|exs|2|5|3
2440|2|exs|2|6|2
2440|3|loc|1|4|0
2441|1|exs|1|5|1
2441|2|exs|1|6|0
2442|1|atc|2|1|3
2442|2|atc|2|3|2
2442|3|exs|2|5|3
2442|4|exs|2|6|2
2442|5|loc|1|0|1
2442|6|loc|1|8|1
2442|7|loc|1|25|0
2443|1|atc|2|1|3
2443|2|atc|2|3|2
2443|3|exs|2|5|3
2443|4|exs|2|6|2
2443|5|loc|1|4|4
2443|6|atc|1|3|0
2444|1|atc|2|1|3
2444|2|atc|2|3|2
2444|3|exs|1|5|1
2444|4|exs|1|6|0
2445|1|atc|1|1|0
2446|1|nam|2|"UNK"|0
2447|1|loc|2|25|0
2448|1|loc|1|25|0
2450|1|loc|1|0|1
2450|2|loc|1|8|1
2450|3|loc|1|25|0
2451|1|loc|1|4|0
2452|1|loc|1|0|1
2452|2|loc|1|8|1
2452|3|loc|1|25|0
2453|1|loc|1|4|0
2460|1|hyc|2|8|0
2461|1|hyc|1|8|0
2462|1|nam|2|"UNK"|0
2463|1|hyc|2|8|0
2464|1|hyc|1|8|0
2465|1|nam|2|"UNK"|0
2466|1|hyc|2|8|0
2467|1|hyc|1|8|0
2468|1|nam|2|"UNK"|0
2471|1|hyc|2|8|0
2472|1|hyc|1|8|0
2473|1|hyc|1|0|1
2473|2|hyc|1|8|0
2474|1|hyc|1|3|0
2476|1|exs|2|32|4
2476|2|hyc|2|8|0
2477|1|exs|1|32|2
2477|2|hyc|1|8|0
2478|1|nam|2|"UNK"|0
2479|1|exs|2|32|4
2479|2|hyc|2|8|0
2480|1|exs|1|32|2
2480|2|hyc|1|8|0
2481|1|nam|2|"UNK"|0
2483|1|hyc|2|8|0
2484|1|hyc|1|8|0
2485|1|hyc|2|8|0
2486|1|hyc|1|8|0
2488|1|hyc|2|8|0
2489|1|hyc|1|8|0
2491|1|hyc|2|0|3
2491|2|hyc|2|8|0
2492|1|hyc|1|0|1
2492|2|hyc|1|8|0
2493|1|hyc|1|0|1
2493|2|hyc|1|8|0
2494|1|hyc|1|6|0
2495|1|hyc|1|0|1
2495|2|hyc|1|8|0
2496|1|hyc|1|6|0
2507|1|nam|2|"UNK"|0
2514|1|nam|2|"UNK"|0
2538|1|nam|2|"UNK"|0
2540|1|nam|2|"UNK"|0
2544|1|hyc|1|0|1
2544|2|hyc|1|8|0
2545|1|hyc|1|3|1
2545|2|hyc|1|6|0
2546|1|nam|2|"UNK"|0
2547|1|hyc|1|0|1
2547|2|hyc|1|8|0
2548|1|hyc|1|3|1
2548|2|hyc|1|6|0
2549|1|nam|2|"UNK"|0
2550|1|hyc|1|0|1
2550|2|hyc|1|8|0
2551|1|hyc|1|3|1
2551|2|hyc|1|6|0
2552|1|nam|2|"UNK"|0
2554|1|hyc|1|0|1
2554|2|hyc|1|8|0
2555|1|hyc|1|3|0
2556|1|nam|2|"UNK"|0
2557|1|nam|2|"UNK"|0
2559|1|hyc|2|8|0
2560|1|hyc|1|8|0
2563|1|exs|1|0|1
2563|2|exs|1|45|0
2564|1|exs|1|48|0
2565|1|exs|1|0|1
2565|2|exs|1|45|0
2566|1|exs|1|48|0
2567|1|hoc|1|0|1
2567|2|hoc|1|5|0
2568|1|hoc|1|1|0
2581|1|veg|1|0|1
2581|2|veg|1|56|0
2582|1|veg|1|16|1
2582|2|veg|1|19|0
2583|1|veg|1|24|0
2584|1|veg|1|25|1
2584|2|veg|1|50|0
2588|1|hyc|2|3|0
2589|1|hyc|1|3|0
2590|1|nam|2|"UNK"|0
2591|1|loc|1|0|1
2591|2|loc|1|8|1
2591|3|loc|1|25|0
2592|1|loc|1|4|0
2593|1|loc|1|0|1
2593|2|loc|1|8|1
2593|3|loc|1|25|0
2594|1|loc|1|4|0
2595|1|loc|1|0|1
2595|2|loc|1|8|1
2595|3|loc|1|25|0
2596|1|loc|1|4|0
2597|1|loc|1|0|1
2597|2|loc|1|8|1
2597|3|loc|1|25|0
2598|1|loc|1|4|0
2609|1|nam|2|"UNK"|0
2611|1|nam|2|"UNK"|0
2613|1|nam|2|"UNK"|0
2616|1|nam|2|"UNK"|0
2618|1|nam|2|"UNK"|0
2625|1|hyc|1|0|1
2625|2|hyc|1|8|0
2626|1|hyc|1|3|1
2626|2|hyc|1|6|0
2627|1|hyc|1|0|1
2627|2|hyc|1|8|0
2628|1|hyc|1|3|1
2628|2|hyc|1|6|0
2629|1|nam|2|"UNK"|0
2630|1|hyc|1|0|1
2630|2|hyc|1|8|0
2631|1|hyc|1|3|1
2631|2|hyc|1|6|0
2632|1|nam|2|"UNK"|0
2633|1|hyc|1|0|1
2633|2|hyc|1|8|0
2634|1|hyc|1|3|1
2634|2|hyc|1|6|0
2635|1|nam|2|"UNK"|0
2637|1|hyc|1|0|1
2637|2|hyc|1|8|1
2637|3|hyc|1|14|0
2638|1|hyc|1|3|1
2638|2|hyc|1|6|0
2640|1|hyc|1|0|1
2640|2|hyc|1|8|0
2641|1|hyc|1|3|1
2641|2|hyc|1|6|0
2642|1|hyc|1|0|1
2642|2|hyc|1|8|0
2643|1|hyc|1|3|1
2643|2|hyc|1|6|0
2645|1|hyc|1|0|1
2645|2|hyc|1|8|0
2646|1|hyc|1|3|1
2646|2|hyc|1|6|0
2647|1|nam|2|"UNK"|0
2648|1|hyc|1|0|1
2648|2|hyc|1|8|0
2649|1|hyc|1|3|1
2649|2|hyc|1|6|0
2650|1|nam|2|"UNK"|0
2651|1|hyc|1|0|1
2651|2|hyc|1|8|0
2652|1|hyc|1|3|1
2652|2|hyc|1|6|0
2653|1|nam|2|"UNK"|0
2655|1|hyc|1|0|1
2655|2|hyc|1|8|1
2655|3|hyc|1|14|0
2656|1|hyc|1|3|1
2656|2|hyc|1|6|0
2657|1|hyc|1|0|1
2657|2|hyc|1|8|0
2658|1|hyc|1|3|1
2658|2|hyc|1|6|0
2660|1|hyc|1|0|1
2660|2|hyc|1|8|0
2661|1|hyc|1|3|1
2661|2|hyc|1|6|0
2687|1|hyc|2|0|3
2687|2|hyc|2|8|0
2688|1|hyc|1|0|1
2688|2|hyc|1|8|0
2689|1|hyc|2|0|3
2689|2|hyc|2|8|0
2690|1|hyc|1|0|1
2690|2|hyc|1|8|0
2691|1|hyc|2|0|3
2691|2|hyc|2|8|0
2692|1|hyc|1|0|1
2692|2|hyc|1|8|0
2693|1|hyc|2|0|3
2693|2|hyc|2|8|0
2694|1|hyc|1|0|1
2694|2|hyc|1|8|0
2697|1|nam|2|"UNK"|0
2699|1|nam|2|"UNK"|0
2701|1|nam|2|"UNK"|0
2703|1|nam|2|"UNK"|0
2705|1|nam|2|"UNK"|0
2708|1|nam|2|"UNK"|0
2713|1|slt|1|0|1
2713|2|slt|1|10|1
2713|3|slt|1|11|1
2713|4|slt|1|13|1
2713|5|slt|1|14|1
2713|6|slt|1|15|0
2714|1|slt|1|6|1
2714|2|slt|1|8|0
2723|1|nam|2|"UNK"|0
2725|1|nam|2|"UNK"|0
2727|1|hgt|1|-32767|4
2727|2|hgt|6|304|0
2728|1|hgt|4|0|3
2728|2|hgt|3|304|0
2729|1|atn|1|3|2
2729|2|hgt|1|-32767|4
2729|3|atn|1|3|2
2729|4|hgt|6|304|0
2730|1|atn|1|3|2
2730|2|hgt|4|0|3
2730|3|hgt|3|304|0
2731|1|hgt|2|-32767|0
2732|1|zv2|2|-32767|0
2734|1|nam|2|"UNK"|0
2736|1|nam|2|"UNK"|0
2739|1|nam|2|"UNK"|0
2741|1|nam|2|"UNK"|0
2743|1|nam|2|"UNK"|0
2748|1|nam|2|"UNK"|0
2750|1|nam|2|"UNK"|0
2753|1|nam|2|"UNK"|0
2755|1|nam|2|"UNK"|0
2757|1|nam|2|"UNK"|0
2759|1|nam|2|"UNK"|0
2764|1|nam|2|"UNK"|0
2769|1|nam|2|"UNK"|0
2771|1|nam|2|"UNK"|0
2774|1|nam|2|"UNK"|0
2789|1|hgt|1|-32767|4
2789|2|hgt|6|304|0
2790|1|hgt|4|0|3
2790|2|hgt|3|304|0
2791|1|atn|1|3|2
2791|2|hgt|1|-32767|4
2791|3|atn|1|3|2
2791|4|hgt|6|304|0
2792|1|atn|1|3|2
2792|2|hgt|4|0|3
2792|3|hgt|3|304|0
2793|1|hgt|2|-32767|0
2794|1|zv2|2|-32767|0
2819|1|nam|2|"UNK"|0
2828|1|nam|2|"UNK"|0
2833|1|nam|2|"UNK"|0
2851|1|hqc|1|0|1
2851|2|hqc|1|2|0
2852|1|hqc|1|12|0
2853|1|hqc|1|18|0
2854|1|hqc|1|19|0
2855|1|hqc|1|22|1
2855|2|hqc|1|23|0
2856|1|hqc|1|4|1
2856|2|hqc|1|13|1
2856|3|hqc|1|20|1
2856|4|hqc|1|21|0
2857|1|hqc|1|6|0
2859|1|hqc|1|0|1
2859|2|hqc|1|1|2
2859|3|mcc|2|103|0
2860|1|hqc|1|0|1
2860|2|hqc|1|1|2
2860|3|mcc|1|103|0
2861|1|hqc|1|12|2
2861|2|mcc|2|103|0
2862|1|hqc|1|12|2
2862|2|mcc|1|103|0
2863|1|hqc|1|14|2
2863|2|mcc|2|103|0
2864|1|hqc|1|14|2
2864|2|mcc|1|103|0
2865|1|hqc|1|2|2
2865|2|mcc|2|103|0
2866|1|hqc|1|2|2
2866|2|mcc|1|103|0
2867|1|hqc|1|3|1
2867|2|hqc|1|4|1
2867|3|hqc|1|13|2
2867|4|mcc|2|103|0
2868|1|hqc|1|3|1
2868|2|hqc|1|4|1
2868|3|hqc|1|13|2
2868|4|mcc|1|103|0
2869|1|hqc|1|5|1
2869|2|hqc|1|8|2
2869|3|mcc|2|103|0
2870|1|hqc|1|5|1
2870|2|hqc|1|8|2
2870|3|mcc|1|103|0
2871|1|hqc|1|6|1
2871|2|hqc|1|9|2
2871|3|mcc|2|103|0
2872|1|hqc|1|6|1
2872|2|hqc|1|9|2
2872|3|mcc|1|103|0
2873|1|hqc|1|7|2
2873|2|mcc|2|103|0
2874|1|hqc|1|7|2
2874|2|mcc|1|103|0
2875|1|hqc|1|0|1
2875|2|hqc|1|1|2
2875|3|mcc|2|103|0
2876|1|hqc|1|0|1
2876|2|hqc|1|1|2
2876|3|mcc|1|103|0
2877|1|hqc|1|12|2
2877|2|mcc|2|103|0
2878|1|hqc|1|12|2
2878|2|mcc|1|103|0
2879|1|hqc|1|14|2
2879|2|mcc|2|103|0
2880|1|hqc|1|14|2
2880|2|mcc|1|103|0
2881|1|hqc|1|2|2
2881|2|mcc|2|103|0
2882|1|hqc|1|2|2
2882|2|mcc|1|103|0
2883|1|hqc|1|3|2
2883|2|mcc|2|103|0
2884|1|hqc|1|3|2
2884|2|mcc|1|103|0
2885|1|hqc|1|5|2
2885|2|mcc|2|103|0
2886|1|hqc|1|5|2
2886|2|mcc|1|103|0
2887|1|hqc|1|6|2
2887|2|mcc|2|103|0
2888|1|hqc|1|6|2
2888|2|mcc|1|103|0
2889|1|hqc|1|7|2
2889|2|mcc|2|103|0
2890|1|hqc|1|7|2
2890|2|mcc|1|103|0
2892|1|hqc|1|0|1
2892|2|hqc|1|1|0
2893|1|hqc|1|2|0
2894|1|hqc|1|5|0
2895|1|hqc|1|6|0
2898|1|ela|2|1|0
2899|1|ela|1|1|0
2900|1|ela|2|1|0
2901|1|ela|1|1|0
2902|1|ela|2|1|0
2903|1|ela|1|1|0
2905|1|ela|2|1|0
2906|1|ela|1|1|0
2907|1|ela|2|1|0
2908|1|ela|1|1|0
2915|1|smc|2|52|3
2915|2|smc|2|88|0
2916|1|smc|1|52|0
2917|1|smc|1|88|0
2918|1|mcc|2|8|3
2918|2|mcc|2|46|3
2918|3|mcc|2|52|3
2918|4|mcc|2|88|0
2919|1|mcc|1|46|1
2919|2|mcc|1|8|0
2920|1|mcc|1|52|0
2921|1|mcc|1|88|0
2922|1|mcc|2|8|3
2922|2|mcc|2|46|3
2922|3|mcc|2|52|3
2922|4|mcc|2|88|0
2923|1|mcc|1|46|1
2923|2|mcc|1|8|0
2924|1|mcc|1|52|0
2925|1|mcc|1|88|0
2926|1|mcc|2|8|3
2926|2|mcc|2|46|3
2926|3|mcc|2|52|3
2926|4|mcc|2|84|3
2926|5|mcc|2|88|0
2927|1|mcc|1|52|0
2928|1|mcc|1|88|0
2929|1|mcc|1|8|1
2929|2|mcc|1|46|1
2929|3|mcc|1|84|0
2931|1|stp|2|1|3
2931|2|stp|2|2|3
2931|3|stp|2|3|3
2931|4|stp|2|4|3
2931|5|stp|2|5|3
2931|6|stp|2|6|3
2931|7|stp|2|7|3
2931|8|stp|2|8|3
2931|9|stp|2|9|0
2932|1|stp|1|1|1
2932|2|stp|1|2|1
2932|3|stp|1|3|1
2932|4|stp|1|4|0
2933|1|stp|1|5|1
2933|2|stp|1|6|1
2933|3|stp|1|7|1
2933|4|stp|1|8|1
2933|5|stp|1|9|0
2934|1|smc|2|84|0
2935|1|smc|1|84|0
2946|1|nam|2|"UNK"|0
2948|1|nam|2|"UNK"|0
2950|1|nam|2|"UNK"|0
2952|1|nam|2|"UNK"|0
2954|1|nam|2|"UNK"|0
2955|1|mcc|1|0|1
2955|2|mcc|1|30|0
2956|1|mcc|1|103|0
2957|1|mcc|1|0|1
2957|2|mcc|1|30|0
2958|1|mcc|1|103|0
2959|1|mcc|1|0|1
2959|2|mcc|1|30|0
2960|1|mcc|1|103|0
2961|1|mcc|1|0|1
2961|2|mcc|1|30|0
2962|1|mcc|1|103|0
2963|1|mcc|1|0|1
2963|2|mcc|1|30|0
2964|1|mcc|1|103|0
2983|1|nam|2|"UNK"|0
2992|1|nam|2|"UNK"|0
2994|1|nam|2|"UNK"|0
2996|1|nam|2|"UNK"|0
3003|1|nam|2|"UNK"|0
3005|1|nam|2|"UNK"|0
3007|1|nam|2|"UNK"|0
3014|1|ssc|1|0|0
3015|1|ssc|1|22|0
3016|1|ssc|1|26|0
3017|1|ssc|1|27|0
3018|1|ssc|1|28|0
3019|1|ssc|1|29|0
3020|1|ssc|1|30|0
3021|1|ssc|1|0|0
3022|1|ssc|1|22|0
3023|1|ssc|1|26|0
3024|1|ssc|1|27|0
3025|1|ssc|1|28|0
3026|1|ssc|1|29|0
3027|1|ssc|1|30|0
3028|1|ssc|1|0|0
3029|1|ssc|1|22|0
3030|1|ssc|1|26|0
3031|1|ssc|1|27|0
3032|1|ssc|1|28|0
3033|1|ssc|1|29|0
3034|1|ssc|1|30|0
3036|1|ssc|1|0|0
3037|1|ssc|1|22|0
3038|1|ssc|1|26|0
3039|1|ssc|1|27|0
3040|1|ssc|1|28|0
3041|1|ssc|1|29|0
3042|1|ssc|1|30|0
3046|1|nam|2|"UNK"|0
3052|1|nam|2|"UNK"|0
3054|1|veg|2|1|0
3055|1|veg|2|1|0
3056|1|veg|1|1|0
3057|1|veg|1|1|0
3058|1|veg|2|1|0
3059|1|veg|2|1|0
3060|1|veg|1|1|0
3061|1|veg|1|1|0
3062|1|veg|2|1|0
3063|1|veg|2|1|0
3064|1|veg|1|1|0
3065|1|veg|1|1|0
3066|1|veg|1|0|1
3066|2|veg|1|999|0
3067|1|veg|1|0|1
3067|2|veg|1|999|0
3068|1|veg|1|4|0
3069|1|veg|1|4|0
3070|1|veg|1|1|0
3071|1|veg|1|1|0
3072|1|veg|1|1|0
3073|1|veg|1|1|0
3074|1|veg|2|1|0
3075|1|veg|2|1|0
3076|1|veg|1|0|0
3077|1|veg|1|0|0
3078|1|veg|1|4|0
3079|1|veg|1|4|0
3080|1|veg|1|1|0
3081|1|veg|1|1|0
3127|1|veg|2|17|0
3128|1|veg|1|17|0
3129|1|veg|2|17|0
3130|1|veg|1|17|0
3131|1|veg|2|17|0
3132|1|veg|1|17|0
3133|1|veg|2|17|0
3134|1|veg|1|17|0
3135|1|veg|2|17|0
3136|1|veg|1|17|0
3137|1|veg|2|17|0
3138|1|veg|1|17|0
3143|1|veg|1|0|1
3143|2|veg|1|24|1
3143|3|veg|1|50|1
3143|4|veg|1|999|0
3144|1|veg|1|11|1
3144|2|veg|1|12|1
3144|3|veg|1|17|1
3144|4|veg|1|18|1
3144|5|veg|1|25|1
3144|6|veg|1|29|1
3144|7|veg|1|38|0
3145|1|veg|1|16|1
3145|2|veg|1|19|0
3146|1|veg|1|0|1
3146|2|veg|1|24|1
3146|3|veg|1|50|1
3146|4|veg|1|999|0
3147|1|veg|1|11|1
3147|2|veg|1|12|1
3147|3|veg|1|17|1
3147|4|veg|1|18|1
3147|5|veg|1|29|1
3147|6|veg|1|38|0
3148|1|veg|1|16|1
3148|2|veg|1|19|0
3149|1|nam|2|"UNK"|0
3150|1|veg|1|0|1
3150|2|veg|1|24|1
3150|3|veg|1|50|1
3150|4|veg|1|999|0
3151|1|veg|1|11|1
3151|2|veg|1|12|1
3151|3|veg|1|17|1
3151|4|veg|1|18|1
3151|5|veg|1|25|1
3151|6|veg|1|29|1
3151|7|veg|1|38|0
3152|1|veg|1|16|1
3152|2|veg|1|19|0
3153|1|nam|2|"UNK"|0
3154|1|tre|1|0|1
3154|2|tre|1|1|1
3154|3|tre|1|3|0
3155|1|tre|1|2|0
3156|1|nam|2|"UNK"|0
3157|1|veg|2|19|0
3158|1|veg|1|19|0
3159|1|veg|1|0|1
3159|2|veg|1|24|1
3159|3|veg|1|50|0
3160|1|veg|1|25|0
3161|1|veg|1|52|0
3162|1|tre|1|0|1
3162|2|tre|1|1|0
3163|1|tre|1|2|1
3163|2|tre|1|3|0
3164|1|veg|1|0|1
3164|2|veg|1|24|0
3165|1|veg|1|25|1
3165|2|veg|1|50|0
3166|1|veg|1|52|0
3174|1|use|1|23|0
3175|1|use|1|26|0
3176|1|use|1|0|1
3176|2|use|1|26|0
3177|1|use|1|30|0
3178|1|use|1|31|0
3179|1|use|1|4|1
3179|2|use|1|23|0
3180|1|use|1|0|1
3180|2|use|1|26|0
3181|1|use|1|23|0
3182|1|use|1|0|1
3182|2|use|1|26|1
3182|3|use|1|999|0
3183|1|use|1|16|0
3184|1|use|1|23|0
3185|1|use|1|23|0
3186|1|use|1|32|0
3187|1|use|1|0|1
3187|2|use|1|26|0
3188|1|use|1|30|0
3189|1|use|1|31|0
3190|1|use|1|4|1
3190|2|use|1|23|0
3193|1|use|1|0|1
3193|2|use|1|26|0
3194|1|use|1|23|0
3195|1|use|1|0|1
3195|2|use|1|26|0
3196|1|use|1|23|0
3200|1|nam|2|"UNK"|0
3202|1|nam|2|"UNK"|0
3205|1|nam|2|"UNK"|0
3208|1|nam|2|"UNK"|0
3210|1|nam|2|"UNK"|0
3212|1|nam|2|"UNK"|0
3214|1|nam|2|"UNK"|0
3216|1|nam|2|"UNK"|0
3246|1|mbl|1|6|0
3266|1|nam|2|"UNK"|0
3268|1|nam|2|"UNK"|0
3269|1|mac|2|48|0
3270|1|mac|1|48|0
3271|1|mac|1|48|2
3271|2|nam|2|"UNK"|0
3275|1|mac|1|0|1
3275|2|mac|1|999|2
3275|3|mbl|1|NULL|0
3276|1|mac|1|24|2
3276|2|mbl|1|NULL|0
3277|1|mac|1|25|2
3277|2|mbl|1|NULL|0
3278|1|mac|1|26|2
3278|2|mbl|1|NULL|0
3279|1|mac|1|27|1
3279|2|mac|1|28|1
3279|3|mac|1|29|2
3279|4|mbl|1|NULL|0
3280|1|mac|1|30|1
3280|2|mac|1|35|2
3280|3|mbl|1|NULL|0
3281|1|mac|1|31|2
3281|2|mbl|1|NULL|0
3282|1|mac|1|32|1
3282|2|mac|1|33|2
3282|3|mbl|1|NULL|0
3283|1|mac|1|42|2
3283|2|mbl|1|NULL|0
3284|1|mac|1|44|2
3284|2|mbl|1|NULL|0
3285|1|mac|1|48|2
3285|2|mbl|1|NULL|0
3286|1|mac|1|49|2
3286|2|mbl|1|NULL|0
3287|1|mac|1|55|2
3287|2|mbl|1|NULL|0
3288|1|mac|1|56|2
3288|2|mbl|1|NULL|0
3289|1|mac|1|57|2
3289|2|mbl|1|NULL|0
3290|1|mac|1|58|2
3290|2|mbl|1|NULL|0
3291|1|mbl|2|7|3
3291|2|mbl|2|13|2
3291|3|mac|1|NULL|0
3292|1|mbl|1|13|2
3292|2|mac|1|NULL|0
3293|1|mbl|1|7|2
3293|2|mac|1|NULL|0
3294|1|mbl|1|6|0
3295|1|mbl|1|7|0
3296|1|mbl|1|9|0
3297|1|mbl|1|999|0
3298|1|mbl|1|0|0
3299|1|mbl|1|9|0
3300|1|mbl|2|6|0
3301|1|mbl|1|6|0
3323|1|mac|1|0|1
3323|2|mac|1|999|0
3324|1|mac|1|24|0
3325|1|mac|1|25|1
3325|2|mac|1|30|1
3325|3|mac|1|35|0
3326|1|mac|1|27|1
3326|2|mac|1|28|1
3326|3|mac|1|29|0
3327|1|mac|1|31|0
3328|1|mac|1|32|1
3328|2|mac|1|33|0
3329|1|mac|1|42|0
3330|1|mac|1|44|0
3331|1|mac|1|48|0
3332|1|mac|1|49|0
3333|1|mac|1|55|0
3334|1|mac|1|56|0
3335|1|mac|1|57|0
3336|1|mac|1|58|0
3337|1|mac|1|26|0
3338|1|mac|1|26|0
3339|1|mac|1|26|0
3357|1|mac|1|0|0
3358|1|mac|1|2|0
3359|1|mac|1|4|0
3360|1|mac|1|40|0
3361|1|mac|1|5|0
3367|1|mac|1|0|1
3367|2|mac|1|9|0
3368|1|mac|1|2|0
3369|1|mac|1|4|0
3370|1|mac|1|40|1
3370|2|mac|1|41|0
3371|1|mac|1|5|0
3377|1|mac|1|0|1
3377|2|mac|1|9|0
3378|1|mac|1|4|0
3379|1|mac|1|40|0
3380|1|mac|1|41|0
3381|1|mac|1|5|0
3382|1|mac|1|2|2
3382|2|hdp|1|0|2
3382|3|isdm|1|0|0
3383|1|mac|1|2|2
3383|2|hdp|1|0|2
3383|3|isdm|1|0|0
3384|1|mac|1|2|2
3384|2|hdp|1|0|2
3384|3|isdm|1|0|0
3385|1|mac|1|2|2
3385|2|hdp|1|0|2
3385|3|isdm|1|1|0
3386|1|mac|1|2|2
3386|2|hdp|1|0|2
3386|3|isdm|1|1|0
3387|1|mac|1|2|2
3387|2|hdp|1|0|2
3387|3|isdm|1|1|0
3388|1|mac|1|2|2
3388|2|hdp|1|0|2
3388|3|isdm|1|1|0
3389|1|mac|1|2|2
3389|2|idsm|1|1|2
3389|3|hdp|4|0|3
3389|4|hdp|3|ssdc|2
3389|5|isdm|1|0|0
3390|1|mac|1|2|2
3390|2|idsm|1|1|2
3390|3|hdp|4|0|3
3390|4|hdp|3|ssdc|2
3390|5|isdm|1|0|0
3391|1|mac|1|2|2
3391|2|idsm|1|1|2
3391|3|hdp|4|0|3
3391|4|hdp|3|ssdc|2
3391|5|isdm|1|0|0
3392|1|mac|1|2|2
3392|2|idsm|1|1|2
3392|3|hdp|4|0|3
3392|4|hdp|3|ssdc|2
3392|5|isdm|1|1|0
3393|1|mac|1|2|2
3393|2|idsm|1|1|2
3393|3|hdp|4|0|3
3393|4|hdp|3|ssdc|2
3393|5|isdm|1|1|0
3394|1|mac|1|2|2
3394|2|idsm|1|1|2
3394|3|hdp|4|0|3
3394|4|hdp|3|ssdc|2
3394|5|isdm|1|1|0
3395|1|mac|1|2|2
3395|2|idsm|1|1|2
3395|3|hdp|4|0|3
3395|4|hdp|3|ssdc|2
3395|5|isdm|1|1|0
3396|1|mac|1|2|2
3396|2|idsm|1|1|2
3396|3|hdp|6|ssdc|0
3397|1|mac|1|2|2
3397|2|idsm|1|1|2
3397|3|hdp|6|ssdc|0
3398|1|mac|1|2|2
3398|2|idsm|1|1|2
3398|3|hdp|6|ssdc|0
3399|1|mac|1|2|2
3399|2|idsm|1|0|2
3399|3|hdp|4|0|3
3399|4|hdp|3|mssc|2
3399|5|isdm|1|0|0
3400|1|mac|1|2|2
3400|2|idsm|1|0|2
3400|3|hdp|4|0|3
3400|4|hdp|3|mssc|2
3400|5|isdm|1|0|0
3401|1|mac|1|2|2
3401|2|idsm|1|0|2
3401|3|hdp|4|0|3
3401|4|hdp|3|mssc|2
3401|5|isdm|1|0|0
3402|1|mac|1|2|2
3402|2|idsm|1|0|2
3402|3|hdp|4|0|3
3402|4|hdp|3|mssc|2
3402|5|isdm|1|1|0
3403|1|mac|1|2|2
3403|2|idsm|1|0|2
3403|3|hdp|4|0|3
3403|4|hdp|3|mssc|2
3403|5|isdm|1|1|0
3404|1|mac|1|2|2
3404|2|idsm|1|0|2
3404|3|hdp|4|0|3
3404|4|hdp|3|mssc|2
3404|5|isdm|1|1|0
3405|1|mac|1|2|2
3405|2|idsm|1|0|2
3405|3|hdp|4|0|3
3405|4|hdp|3|mssc|2
3405|5|isdm|1|1|0
3406|1|mac|1|2|2
3406|2|idsm|1|0|2
3406|3|hdp|6|mssc|3
3406|4|hdp|3|ssdc|2
3406|5|isdm|1|0|0
3407|1|mac|1|2|2
3407|2|idsm|1|0|2
3407|3|hdp|6|mssc|3
3407|4|hdp|3|ssdc|2
3407|5|isdm|1|0|0
3408|1|mac|1|2|2
3408|2|idsm|1|0|2
3408|3|hdp|6|mssc|3
3408|4|hdp|3|ssdc|2
3408|5|isdm|1|0|0
3409|1|mac|1|2|2
3409|2|idsm|1|0|2
3409|3|hdp|6|mssc|3
3409|4|hdp|3|ssdc|2
3409|5|isdm|1|1|0
3410|1|mac|1|2|2
3410|2|idsm|1|0|2
3410|3|hdp|6|mssc|3
3410|4|hdp|3|ssdc|2
3410|5|isdm|1|1|0
3411|1|mac|1|2|2
3411|2|idsm|1|0|2
3411|3|hdp|6|mssc|3
3411|4|hdp|3|ssdc|2
3411|5|isdm|1|1|0
3412|1|mac|1|2|2
3412|2|idsm|1|0|2
3412|3|hdp|6|mssc|3
3412|4|hdp|3|ssdc|2
3412|5|isdm|1|1|0
3413|1|mac|1|2|2
3413|2|idsm|1|0|2
3413|3|hdp|6|ssdc|3
3413|4|hdp|3|msdc|0
3414|1|mac|1|2|2
3414|2|idsm|1|0|2
3414|3|hdp|6|ssdc|3
3414|4|hdp|3|msdc|0
3415|1|mac|1|2|2
3415|2|idsm|1|0|2
3415|3|hdp|6|ssdc|3
3415|4|hdp|3|msdc|0
3416|1|mac|1|2|2
3416|2|idsm|1|0|2
3416|3|hdp|6|msdc|0
3417|1|mac|1|2|2
3417|2|idsm|1|0|2
3417|3|hdp|6|msdc|0
3418|1|mac|1|2|2
3418|2|idsm|1|0|2
3418|3|hdp|6|msdc|0
3419|1|mac|1|0|1
3419|2|mac|1|144|1
3419|3|mac|1|145|1
3419|4|mac|1|154|1
3419|5|mac|1|999|0
3420|1|mac|1|101|0
3421|1|mac|1|104|0
3422|1|mac|1|105|0
3423|1|mac|1|106|0
3424|1|mac|1|107|0
3425|1|mac|1|108|0
3426|1|mac|1|109|0
3427|1|mac|1|110|0
3428|1|mac|1|114|0
3429|1|mac|1|141|1
3429|2|mac|1|142|1
3429|3|mac|1|155|0
3430|1|mac|1|143|1
3430|2|mac|1|148|1
3430|3|mac|1|149|1
3430|4|mac|1|158|0
3431|1|mac|1|156|0
3432|1|mac|1|27|1
3432|2|mac|1|28|1
3432|3|mac|1|115|1
3432|4|mac|1|116|1
3432|5|mac|1|140|1
3432|6|mac|1|146|1
3432|7|mac|1|147|1
3432|8|mac|1|150|1
3432|9|mac|1|151|1
3432|10|mac|1|152|1
3432|11|mac|1|153|1
3432|12|mac|1|157|1
3432|13|mac|1|159|0
3433|1|mac|1|0|1
3433|2|mac|1|101|1
3433|3|mac|1|104|1
3433|4|mac|1|105|1
3433|5|mac|1|106|1
3433|6|mac|1|107|1
3433|7|mac|1|108|1
3433|8|mac|1|109|1
3433|9|mac|1|110|1
3433|10|mac|1|114|1
3433|11|mac|1|143|1
3433|12|mac|1|144|1
3433|13|mac|1|145|1
3433|14|mac|1|148|1
3433|15|mac|1|149|1
3433|16|mac|1|154|1
3433|17|mac|1|158|1
3433|18|mac|1|999|2
3433|19|nam|2|"UNK"|0
3434|1|mac|1|141|1
3434|2|mac|1|142|1
3434|3|mac|1|155|1
3434|4|mac|1|156|2
3434|5|nam|2|"UNK"|0
3435|1|mac|1|27|1
3435|2|mac|1|28|1
3435|3|mac|1|115|1
3435|4|mac|1|116|1
3435|5|mac|1|140|1
3435|6|mac|1|146|1
3435|7|mac|1|147|1
3435|8|mac|1|150|1
3435|9|mac|1|151|1
3435|10|mac|1|152|1
3435|11|mac|1|153|1
3435|12|mac|1|157|1
3435|13|mac|1|159|2
3435|14|nam|2|"UNK"|0
3478|1|mac|1|0|1
3478|2|mac|1|999|0
3479|1|mac|1|15|0
3480|1|mac|1|22|0
3481|1|mac|1|37|0
3482|1|mac|1|43|0
3490|1|mac|1|0|1
3490|2|mac|1|999|0
3491|1|mac|1|15|0
3492|1|mac|1|20|0
3493|1|mac|1|21|1
3493|2|mac|1|23|1
3493|3|mac|1|61|0
3494|1|mac|1|22|0
3495|1|mac|1|37|0
3496|1|mac|1|43|0
3497|1|mac|1|45|1
3497|2|mac|1|46|0
3499|1|nam|2|"UNK"|0
3510|1|tsp|1|2|0
3511|1|tsp|1|4|0
3514|1|tsp|1|3|0
3515|1|tsp|1|6|1
3515|2|tsp|1|7|0
3524|1|dof|2|0|0
3525|1|dof|1|0|0
3528|1|atn|1|1|2
3528|2|exs|1|22|2
3528|3|rtt|2|3|0
3529|1|atn|1|1|2
3529|2|exs|1|22|2
3529|3|rtt|1|3|0
3530|1|atn|1|1|2
3530|2|exs|1|23|2
3530|3|rtt|2|3|0
3531|1|atn|1|1|2
3531|2|exs|1|23|2
3531|3|rtt|1|3|0
3532|1|atn|1|2|2
3532|2|exs|1|22|2
3532|3|rtt|2|3|0
3533|1|atn|1|2|2
3533|2|exs|1|22|2
3533|3|rtt|1|3|0
3534|1|atn|1|2|2
3534|2|exs|1|23|2
3534|3|rtt|2|3|0
3535|1|atn|1|2|2
3535|2|exs|1|23|2
3535|3|rtt|1|3|0
3536|1|exs|1|0|2
3536|2|rtt|2|3|0
3537|1|exs|1|0|2
3537|2|rtt|1|3|0
3548|1|rtt|1|0|0
3549|1|rtt|1|11|0
3550|1|rtt|1|4|0
3558|1|nam|2|"UNK"|0
3567|1|htz|2|998|0
3570|1|htc|2|507|3
3570|2|htc|2|509|0
3571|1|htc|1|507|0
3572|1|htc|1|509|0
3573|1|htc|2|503|3
3573|2|htc|2|507|3
3573|3|htc|2|509|0
3574|1|htc|1|503|0
3575|1|htc|1|507|0
3576|1|htc|1|509|0
3577|1|aua|1|0|1
3577|2|aua|1|20|1
3577|3|aua|1|36|1
3577|4|aua|1|998|0
3578|1|aua|1|13|0
3579|1|aua|1|2|0
3580|1|aua|1|39|0
3581|1|aua|1|40|0
3582|1|aua|1|9|1
3582|2|aua|1|21|1
3582|3|aua|1|22|1
3582|4|aua|1|23|1
3582|5|aua|1|34|1
3582|6|aua|1|46|1
3582|7|aua|1|70|0
3583|1|nam|2|"UNK"|0
3584|1|aul|1|0|1
3584|2|aul|1|5|1
3584|3|aul|1|6|0
3585|1|aul|1|2|1
3585|2|aul|1|3|0
3586|1|nam|2|"UNK"|0
3589|1|hgt|1|-32767|4
3589|2|hgt|6|304|0
3590|1|hgt|4|0|3
3590|2|hgt|3|304|0
3591|1|atn|1|3|2
3591|2|hgt|1|-32767|4
3591|3|atn|1|3|2
3591|4|hgt|6|304|0
3592|1|atn|1|3|2
3592|2|hgt|4|0|3
3592|3|hgt|3|304|0
3593|1|hgt|2|-32767|0
3594|1|zv2|2|-32767|0
3595|1|nst|1|0|0
3596|1|nst|1|17|0
3597|1|nst|1|20|0
3598|1|nst|1|21|0
3599|1|nst|1|22|0
3600|1|nst|1|23|0
3601|1|nam|2|"UNK"|0
3604|1|wpt|2|10|0
3605|1|wpt|1|10|0
3606|1|nam|2|"UNK"|0
3608|1|use|2|8|3
3608|2|use|2|22|0
3609|1|use|1|8|1
3609|2|use|1|22|0
3610|1|nam|2|"UNK"|0
3611|1|exs|2|28|0
3612|1|exs|1|28|2
3612|2|use|2|8|3
3612|3|use|2|22|0
3613|1|exs|1|28|2
3613|2|use|1|8|1
3613|3|use|1|22|0
3614|1|nam|2|"UNK"|0
3615|1|exs|2|28|0
3616|1|exs|1|28|2
3616|2|use|2|8|3
3616|3|use|2|22|0
3617|1|exs|1|28|2
3617|2|use|1|8|1
3617|3|use|1|22|0
3618|1|nam|2|"UNK"|0
3619|1|exs|2|28|0
3620|1|exs|1|28|2
3620|2|use|2|8|3
3620|3|use|2|22|0
3621|1|exs|1|28|2
3621|2|use|1|8|1
3621|3|use|1|22|0
3622|1|nam|2|"UNK"|0
3624|1|exs|2|28|0
3625|1|exs|1|28|2
3625|2|use|2|8|3
3625|3|use|2|22|0
3626|1|exs|1|28|2
3626|2|use|1|8|1
3626|3|use|1|22|0
3627|1|nam|2|"UNK"|0
3628|1|exs|2|28|0
3629|1|exs|1|28|2
3629|2|use|2|8|3
3629|3|use|2|22|0
3630|1|exs|1|28|2
3630|2|use|1|8|1
3630|3|use|1|22|0
3631|1|nam|2|"UNK"|0
3634|1|nam|2|"UNK"|0
3636|1|nam|2|"UNK"|0
3640|1|nam|2|"UNK"|0
3642|1|nam|2|"UNK"|0
3648|1|nam|2|"UNK"|0
3656|1|nam|2|"UNK"|0
3657|1|apt|2|11|0
3658|1|apt|1|11|0
3659|1|nam|2|"UNK"|0
3661|1|nam|2|"UNK"|0
3663|1|nam|2|"UNK"|0
3665|1|nam|2|"UNK"|0
3667|1|nam|2|"UNK"|0
3668|1|hgt|1|-32767|4
3668|2|hgt|6|304|0
3669|1|hgt|4|0|3
3669|2|hgt|3|304|0
3670|1|atn|1|3|2
3670|2|hgt|1|-32767|4
3670|3|atn|1|3|2
3670|4|hgt|6|304|0
3671|1|atn|1|3|2
3671|2|hgt|4|0|3
3671|3|hgt|3|304|0
3672|1|hgt|2|-32767|0
3673|1|zv2|2|-32767|0
3680|1|exs|2|28|0
3681|1|exs|1|28|0
3682|1|nam|2|"UNK"|0
3684|1|nam|2|"UNK"|0
3691|1|nam|2|"UNK"|0
3698|1|nam|2|"UNK"|0
3700|1|nam|2|"UNK"|0
3709|1|hgt|1|-32767|4
3709|2|hgt|6|304|0
3710|1|hgt|4|0|3
3710|2|hgt|3|304|0
3711|1|atn|1|3|2
3711|2|hgt|1|-32767|4
3711|3|atn|1|3|2
3711|4|hgt|6|304|0
3712|1|atn|1|3|2
3712|2|hgt|4|0|3
3712|3|hgt|3|304|0
3713|1|hgt|2|-32767|0
3714|1|zv2|2|-32767|0
3716|1|hgt|1|-32767|4
3716|2|hgt|6|304|0
3717|1|hgt|4|0|3
3717|2|hgt|3|304|0
3718|1|atn|1|3|2
3718|2|hgt|1|-32767|4
3718|3|atn|1|3|2
3718|4|hgt|6|304|0
3719|1|atn|1|3|2
3719|2|hgt|4|0|3
3719|3|hgt|3|304|0
3720|1|hgt|2|-32767|0
3721|1|zv2|2|-32767|0
3727|1|gsc|1|0|0
3728|1|gsc|1|1|0
3729|1|gsc|1|2|0
3730|1|gsc|1|3|0
3731|1|gsc|1|4|0
3732|1|gsc|1|5|0
3733|1|gsc|1|6|0
3734|1|gsc|1|7|0
3735|1|spr|1|0|0
3736|1|spr|1|1|0
3737|1|spr|1|2|0
3738|1|spr|1|3|0
3739|1|spr|1|4|0
3740|1|spr|1|5|0
3741|1|spr|1|6|0
3742|1|spr|1|7|0
3743|1|spr|1|8|0
3744|1|spr|1|999|0
3750|1|nam|2|"UNK"|0
3752|1|nam|2|"UNK"|0
3755|1|nam|2|"UNK"|0
